"forest"	"V1"	"V2"	"V3"	"V4"	"V5"	"V6"	"V7"	"V8"	"V9"	"V1"	"V2"	"V3"	"V4"	"V5"	"V6"	"V7"	"V8"	"V9"	"V1"	"V2"	"V3"	"V4"	"V5"	"V6"	"V7"	"V8"	"V9"	"V1"	"V2"	"V3"	"V4"	"V5"	"V6"	"V7"	"V8"	"V9"
1	1.53355225085442	1.26882960607198	1.11730685801593	1.0454588401349	1.00863535439813	0.98918639830086	0.98109670857126	0.980456965673562	1.03305179900201	-0.235780369237827	-0.0224592727231281	0.099642101674982	0.157539294298548	0.187212714799911	0.202885241206353	0.209404145114254	0.209919668282046	0.167537243741626	1.19268374283183	1.07695935311344	1.02513660744569	0.99708843533218	0.984670448709916	0.97869222664024	0.979483546970492	1.0326522763347	1.09834408602035	0.0389012469060055	0.132155277850391	0.173915532018797	0.196517553222553	0.206524322854759	0.211341745588503	0.210704076979977	0.167859190560883	0.11492284699384
2	1.53443896957309	1.27184830759834	1.11673962158921	1.04465332961609	1.00860011354286	0.989139500244906	0.980596663427789	0.97956463689495	1.03230086286418	-0.236494912602724	-0.0248918289563926	0.100099197049772	0.158188397767834	0.187241112891408	0.202923033004364	0.209807095826686	0.210638732394077	0.16814236961012	1.18762996000386	1.07615872928814	1.02453307734094	0.99866476983506	0.984461897962685	0.978035502890422	0.979297973145147	1.0336813052898	1.09667155955832	0.0429737299959764	0.132800443481951	0.174401873879845	0.195247297688106	0.206692379025832	0.211870952413758	0.210853617688667	0.167029969527571	0.116270616766707
3	1.53182912497543	1.27025727908334	1.11621977925379	1.04497701562379	1.00859619523361	0.98902915982023	0.981409792741174	0.980165430892162	1.03381390446605	-0.234391825004141	-0.023609732565721	0.100518100907043	0.15792756230306	0.18724427037734	0.203011948481924	0.209151852914308	0.210154595366925	0.166923117309854	1.19019784159739	1.07597522131875	1.02646073386729	0.997293115081063	0.984673049059378	0.978267824125478	0.979178942668678	1.03209386476654	1.09716647664717	0.0409044573891646	0.132948319464682	0.17284851298681	0.196352616412927	0.206522227418613	0.211683741302118	0.210949535859098	0.168309174611639	0.115871798387707
4	1.53406549078822	1.26849763381426	1.11878286360469	1.04594017170749	1.00854984705089	0.989010503541028	0.981643930978872	0.980071637668115	1.03371969130173	-0.236193952690595	-0.022191759960525	0.0984526940558733	0.157151423518033	0.187281619071729	0.203026982246563	0.208963177609848	0.210230176635826	0.166999036978668	1.1883118758904	1.07488156194145	1.02450644746734	0.997536008118819	0.984439142856502	0.978787227225189	0.979349107567491	1.03326897168008	1.09762621542793	0.0424242226247171	0.133829621545099	0.174423332995446	0.196156886239589	0.206710715742761	0.211265191393573	0.210812412105166	0.167362239771497	0.115501327697887
5	1.53798173355376	1.27020643992224	1.11437304077631	1.04478424565986	1.00829078366157	0.988895746758275	0.981267406458821	0.979766024343729	1.0329509660181	-0.239349773386055	-0.0235687649121981	0.102006255716446	0.158082901866529	0.187490379777954	0.203119456552075	0.209266591862709	0.210476448614262	0.167618497850847	1.19157836959509	1.07524568067043	1.02373062088486	0.998553534399315	0.985003718458896	0.978831724001258	0.979332796226831	1.03345551060547	1.09634669875779	0.0397919883501794	0.133536204234345	0.175048516297827	0.195336934391244	0.206255764536501	0.211229334615737	0.210825556251101	0.167211921357523	0.116532398913226
6	1.53320553560236	1.26972461850283	1.11510240892669	1.0448131966066	1.00813095868243	0.98917092130314	0.981205629155379	0.979303273718252	1.03158188285855	-0.235500976147716	-0.0231804993990663	0.10141850995057	0.158059572363645	0.187619171328169	0.202897713014827	0.20931637378492	0.210849346334896	0.168721744311134	1.1907068683164	1.0764178188984	1.02516401440961	0.998261120174027	0.984781422543064	0.978756662686256	0.979522639274147	1.03291538582782	1.09708954951626	0.0404942690656714	0.132591661646147	0.173893446701534	0.195572570157222	0.206434896958494	0.211289821175302	0.210672575280953	0.167647169388225	0.115933788475221
7	1.53782865064525	1.269865981651	1.11745521440079	1.04505284410515	1.00777395094587	0.989521292772284	0.98131032476819	0.979775479441801	1.0331377791043	-0.239226414789637	-0.0232944138766129	0.0995225518468241	0.157866457538846	0.187906858397371	0.20261537364017	0.209232007058593	0.210468829425167	0.167467958510229	1.19188437818678	1.07680765727431	1.02553123956429	0.996608645105355	0.984403678089337	0.978243068720245	0.979791332231269	1.03422924528658	1.09813061049327	0.0395453978540147	0.132277518706543	0.173597526143897	0.196904181942462	0.206739294268884	0.21170368991737	0.210456054792929	0.166588423769239	0.115094871693709
8	1.5347452365521	1.27018316589758	1.11663788930194	1.04585539261913	1.0076646716825	0.989936981956738	0.981291812579137	0.980811980552737	1.03314496679408	-0.236741711314794	-0.0235500100358828	0.100181175843422	0.15721974093797	0.187994918760726	0.20228039937792	0.209246924711258	0.209633587114464	0.167462166463737	1.1888942744128	1.08068705021201	1.02469127596146	0.997332490959448	0.983974909100986	0.978630205283967	0.979123693353558	1.03224760596659	1.09653806036846	0.0419549091985476	0.1291513926588	0.174274392896021	0.196320886201255	0.207084808612101	0.211391724175482	0.210994057341167	0.168185285545022	0.116378194241191
9	1.53645128490049	1.27048966065945	1.1148743145524	1.04540989137082	1.00803001264163	0.989637371219047	0.981171770398297	0.97963297226831	1.0332450345719	-0.238116493984728	-0.0237969923019099	0.101602314936624	0.157578738615963	0.187700516541877	0.202521834299909	0.209343658142076	0.210583665791112	0.167381528979525	1.18959494523733	1.07522485996394	1.02140830389605	0.997024898663364	0.984280696256654	0.978376915530754	0.979371058549882	1.03275428222792	1.09704640735197	0.0413902885605736	0.133552982156544	0.176919905906048	0.196568752891822	0.206838396555434	0.211595832320199	0.210794723374241	0.167776991287712	0.11596855366805
10	1.53523571883997	1.26909298102747	1.11790168040064	1.04705390891545	1.00857049347116	0.989188024527584	0.98106865287989	0.980709620651548	1.03381198759083	-0.23713695600403	-0.0226715078129669	0.0991627767443886	0.156253942146066	0.187264981594364	0.202883930746237	0.20942675319469	0.209716071657404	0.166924661982862	1.18781096665639	1.07677485427763	1.02398794989031	0.996975320920351	0.984783136649659	0.978386478067301	0.979146770367234	1.0333454758465	1.09684658977261	0.0428278696460748	0.132303952301692	0.174841153207855	0.196608704058488	0.206433515682257	0.211588126554101	0.21097546122195	0.167300590520896	0.116129572402079
11	1.53451968506347	1.26954450085391	1.11636503064313	1.04549646222197	1.00793893287674	0.989527839171639	0.981274082386185	0.979849440994032	1.03355369901226	-0.236559955458909	-0.0230353554337601	0.100401053173288	0.157508977342199	0.1877739112276	0.202610098363892	0.209261212209047	0.210409229085972	0.167132798324363	1.19251622244844	1.07599319989301	1.02599952903612	0.996930747403644	0.984974208585526	0.978062980805547	0.979366867455609	1.03352950161777	1.09672234163137	0.0390362396335902	0.132933831814117	0.173220165062075	0.196644622676131	0.206279544438483	0.211848809921984	0.210798100678162	0.167152297278559	0.116229695116367
12	1.53721808464918	1.27322898358474	1.11713929211212	1.04336586569834	1.00832229806091	0.989204931961147	0.980529175541841	0.980612498240991	1.03275377527496	-0.238734403205649	-0.0260044172489178	0.0997771310842311	0.159225873103135	0.187464984571471	0.202870306251551	0.209861479499997	0.209794335680239	0.167777399804943	1.18830056199423	1.07697870857614	1.02610814476874	0.99732069695063	0.984932542621166	0.978625425985955	0.979493179904875	1.03370181149567	1.09697203293893	0.0424333396866117	0.132139680663647	0.173132639390823	0.196330390151684	0.206313120067088	0.211395575470838	0.210696314485284	0.167013445038988	0.116028486702318
13	1.53497882645979	1.27152605131673	1.11647885584343	1.04581804902929	1.00833890474154	0.989612501084554	0.980583646110691	0.980835666539627	1.03259206250872	-0.236929944759219	-0.0246321456058922	0.100309329563624	0.157249833473272	0.187451602432127	0.202541875367287	0.209817585553998	0.209614500267173	0.167907712588126	1.19140849028762	1.07581048550222	1.0243488437713	0.997876831587194	0.985132018127474	0.97899403165897	0.979624380790554	1.03250105602647	1.09802282586423	0.0399288819664159	0.133081068308466	0.17455033457206	0.195882240917684	0.20615237698533	0.211098542451944	0.210590589050198	0.1679810482206	0.115181727637874
14	1.5349444715656	1.26863122590292	1.11610306359157	1.04680767203913	1.00834994782823	0.989815006136164	0.98117089288119	0.979751260224606	1.03270920551505	-0.236902260600558	-0.0222994122955262	0.100612153733785	0.156452366880379	0.187442703596274	0.20237869099107	0.209344365270518	0.210488345964725	0.167813315395251	1.18861808517304	1.07583687837891	1.02470289179276	0.997366376103358	0.98388758968084	0.978424951763464	0.979346349160478	1.0344547085228	1.09615061239213	0.0421774704060316	0.133059800171771	0.174265032526147	0.196293580580838	0.20715517310422	0.211557123346728	0.210814634908618	0.166406739029672	0.11669041092829
15	1.53712082559098	1.27257045755077	1.11714347405649	1.04608229038782	1.00783234650245	0.988914663313999	0.981307958180652	0.98018797098086	1.03328680662303	-0.238656029068226	-0.025473758091425	0.0997737611535632	0.157036900211019	0.187859801583727	0.203104213049152	0.209233914122678	0.210136431917249	0.167347867863159	1.19248132810047	1.074273912614	1.02633802047011	0.995376635264457	0.984781671543778	0.978805895298222	0.979396328742406	1.03349090941482	1.09690444398522	0.0390643584995716	0.134319282793895	0.172947398960342	0.197896970792821	0.206434696306579	0.211250148125128	0.210774359928633	0.167183395982096	0.116082951818936
16	1.53809110507915	1.27171033614815	1.11562257291296	1.04655250221538	1.00786251264719	0.98908063035365	0.980965982736712	0.979731411294793	1.03304277813195	-0.239437908096793	-0.0247806476063233	0.100999346897822	0.156657990039838	0.187835492839466	0.202970472050483	0.209509487739519	0.210504340801419	0.167544513017336	1.19107645620405	1.07651932468797	1.02313632088101	0.998461561850318	0.984245753846906	0.978412038137646	0.980122992897052	1.03306776366217	1.09737024807202	0.0401964445500664	0.132509865370839	0.175527420278947	0.195411048507993	0.206866554150975	0.211567529516634	0.210188793120042	0.167524378960777	0.115707593531623
17	1.53275164881899	1.26987018132336	1.11722858525394	1.04529392937583	1.0073874055662	0.988958985936247	0.980980674861913	0.979586771843104	1.03407978644799	-0.235135221165176	-0.0232977980930025	0.0997051761105974	0.157672184116044	0.1882183477462	0.203068496609457	0.209497648403823	0.210620895418266	0.166708861986223	1.19322806137017	1.07581031106684	1.0263031667166	0.996044842347873	0.98423299865022	0.978263583342729	0.978823702931446	1.03302093348304	1.09691986727654	0.0384626194227075	0.133081208873494	0.17297548511414	0.197358510368135	0.206876832654144	0.211687158646437	0.211235798223748	0.167562116061692	0.116070523288618
18	1.53473336107843	1.26955647133883	1.11644402486397	1.04513359508253	1.00922646445332	0.989578504000544	0.980866789689172	0.979622429152167	1.03226878070358	-0.236732141717656	-0.0230450015936925	0.100337397365445	0.157801386086217	0.186736381370873	0.202569271192246	0.209589420340998	0.210592161736362	0.168168222334895	1.19006376318941	1.07647401926041	1.02646695141705	0.996729871934211	0.983527611536613	0.977998525747822	0.97923045598264	1.03378504528831	1.0974242602575	0.0410125016142171	0.132546373783231	0.172843502706968	0.196806493888312	0.207445253813073	0.211900749655365	0.210908024953868	0.16694637286264	0.115664068964087
19	1.5348911664821	1.26921450637501	1.11544167512684	1.04514343535626	1.00912519471102	0.989169702783946	0.981237971541962	0.979908457721474	1.03358052322653	-0.236859305836068	-0.022769436422037	0.101145119520052	0.157793456511536	0.186817987432525	0.202898694932527	0.209290311362585	0.210361671715044	0.167111182603478	1.18925588569966	1.0753121407051	1.02409301807742	0.997872539471048	0.983558283386286	0.977842917602443	0.979911098452323	1.03256535075052	1.09746825508913	0.0416635124565424	0.133482648833059	0.174756486250472	0.195885699627926	0.207420537557273	0.21202614316005	0.210359543738419	0.167929237688688	0.115628616667465
20	1.53560103455581	1.27099056803027	1.11685160995155	1.04513976964712	1.00870347265648	0.98982957648655	0.981198890106102	0.979128084405765	1.03262913321268	-0.237431337881113	-0.0242006378218607	0.100008953616797	0.157796410445057	0.18715782315445	0.202366949785011	0.20932180430403	0.210990518905411	0.167877839952097	1.18879888367597	1.07602603267369	1.02436076602964	0.996620245333638	0.984891496853026	0.977522000338299	0.979922528401216	1.03271500346119	1.09722451987975	0.0420317777890492	0.132907374218161	0.174540727274495	0.196894834145944	0.206346195923799	0.212284747491894	0.210350333157915	0.167808643244029	0.115825025486847
21	1.53525360514716	1.27037821768936	1.1168708028965	1.04522151442254	1.00774361375461	0.989192135416646	0.98084125427246	0.980182699484461	1.03243213536786	-0.237151369303146	-0.0237071883616466	0.0999934873915092	0.157730538161473	0.187931304975826	0.202880618073975	0.209609997511861	0.210140679840177	0.168036586463191	1.18889270701148	1.07619048258439	1.0239001758101	0.997665646602675	0.984731812904904	0.978128374566649	0.979943457798278	1.03330931089948	1.09767505481156	0.0419561722554701	0.132774855765494	0.174911884078085	0.196052419832684	0.206474873827185	0.21179611375451	0.210333467649737	0.167329733272019	0.115461971522378
22	1.53513165681371	1.2674835883566	1.11554783512177	1.04430613142454	1.00806963922506	0.989414666625137	0.980962953901732	0.980160701763866	1.03330989670767	-0.237053099839907	-0.0213746130590078	0.101059572752624	0.158468180024431	0.187668584304896	0.202701296046413	0.20951192846158	0.210158406234086	0.167329261210988	1.19354800706467	1.07625899337309	1.02553598308771	0.997072230606022	0.984603799106262	0.978239350876387	0.979784328085397	1.03337298765615	1.09744048047571	0.0382047980095382	0.132719647807821	0.173593703676737	0.196530611455465	0.206578031016165	0.211706685862537	0.210461698934475	0.167278420715945	0.115650998247236
23	1.53878631405304	1.26825642300422	1.11777243403216	1.04532993857213	1.00928658883801	0.989611683492978	0.981320308120409	0.980094565897174	1.03308112784728	-0.239998127418938	-0.021997385374507	0.0992669271734786	0.157643166873315	0.186687931417974	0.202542534206019	0.209223962187161	0.210211700411519	0.167513609717272	1.19245766254211	1.07542589653921	1.02565655961074	0.998667843925447	0.983988955805928	0.978226003021134	0.978519544615088	1.03330211087079	1.09773619041188	0.0390834288849673	0.133390981120666	0.173496539657662	0.19524482049794	0.207073489374553	0.211717441946971	0.211480897715001	0.167335535261552	0.115412706702941
24	1.53023906841021	1.2690133519912	1.11511027513766	1.04472133701561	1.00788443010502	0.98949890598549	0.980508972998342	0.979622393853853	1.03207156332159	-0.23311051183846	-0.0226073404526521	0.101412171132255	0.158133595455594	0.187817831123591	0.202633413554777	0.209877759288737	0.210592190180756	0.168327145755344	1.19445341331264	1.0769249741283	1.02367780176892	0.997644728714345	0.984751783049277	0.978497783474498	0.98007312684463	1.0319822110901	1.09691279881134	0.0374751956977759	0.132182981422229	0.175091079455724	0.196069276066797	0.206458781312323	0.21149843346596	0.210228976614697	0.168399148345118	0.116076219260518
25	1.53620600610642	1.26949766759098	1.11680821753755	1.0457518216272	1.00840454469819	0.989265448060573	0.98108254819738	0.980078603090388	1.03311465451156	-0.237918841300555	-0.0229976158478269	0.100043920468017	0.157303201412552	0.187398707873221	0.202821540643694	0.209415555949491	0.210224563698866	0.16748659297002	1.19099104605719	1.07543376257384	1.02384091950227	0.996229619515958	0.984041575412241	0.978292399557684	0.978994559482727	1.03310389934272	1.09667949869559	0.0402652704950353	0.133384642444446	0.174959634509758	0.197209611628706	0.207031086987231	0.211663937714293	0.211098117116429	0.167495259793415	0.116264219182288
26	1.53428013115613	1.27058361590923	1.11743903473675	1.04526571980253	1.00805537545248	0.989308226914307	0.980717735490517	0.980137152607989	1.0325793283491	-0.236366916052587	-0.0238727041357938	0.0995355898839609	0.157694916198954	0.187680078461764	0.202787068216926	0.209709532487518	0.210177382819024	0.167917974139024	1.1899637497817	1.07353512671916	1.02560350541954	0.996763682160538	0.984956897258188	0.978273470504096	0.978340228781525	1.03282305827291	1.0975635669723	0.0410930952854353	0.134914617648248	0.173539292245946	0.19677924863863	0.206293494402351	0.211679191288352	0.211625395554503	0.167721569578911	0.115551811619511
27	1.54062274483682	1.27006603892008	1.11800916606177	1.04538861677419	1.00824340998711	0.988901376010686	0.981092973726477	0.979820729420639	1.03219636678673	-0.241477975993253	-0.0234556257594891	0.0990761617171336	0.157595882295848	0.187528554842987	0.203114920339096	0.209407154759254	0.210432365694945	0.168226575545132	1.18981976683973	1.07438597730306	1.0237026161086	0.99721511682496	0.985174288308643	0.978867760415855	0.979646633746224	1.03340272844723	1.09780470897691	0.0412091208679294	0.134228977854655	0.175071083349408	0.196415469643831	0.206118314461498	0.211200295439724	0.210572656980548	0.16725445473385	0.115357492478877
28	1.5370438791686	1.26954366564926	1.11572052445987	1.04509936282532	1.00878653058904	0.989415765112117	0.981073882288433	0.980650817490076	1.03219612281987	-0.238594023435093	-0.0230346824019105	0.100920414733143	0.157828971420483	0.187090892691193	0.202700410854112	0.209422539187364	0.209763456930749	0.168226772140623	1.18545543666216	1.07706808049691	1.02376055783294	0.996888947436167	0.984166425983715	0.978987767216547	0.980370929314842	1.03370876746933	1.09839053504707	0.0447260232462533	0.132067662207679	0.175024392246794	0.19667830628829	0.206930478817389	0.211103590519245	0.209988998846484	0.167007839715986	0.114885417036461
29	1.53359824185853	1.26922310518231	1.11696860121608	1.04519754622521	1.00760528911404	0.989261239489836	0.980897071391621	0.979801461812581	1.03320623009699	-0.235817430107458	-0.0227763655874762	0.0999146787018035	0.157749852422029	0.188042770936829	0.20282493203065	0.209565018477017	0.210447892085902	0.167412798737892	1.19060199158282	1.07877703288598	1.02465394484659	0.997245443404501	0.984620399547867	0.979016696013616	0.978723459799905	1.03272050355783	1.09741104173732	0.0405787817443062	0.130690539378515	0.17430447537863	0.196391031616603	0.206564653904401	0.211080278865205	0.21131657701302	0.167804211108473	0.115674720826611
30	1.53252648722665	1.26741751179655	1.1159265142994	1.04701985588242	1.00794194838462	0.989231388716865	0.981326262760576	0.980062686607656	1.03327027145759	-0.234953779498892	-0.0213213666725698	0.100754422214918	0.156281383056349	0.187771481244894	0.202848986639303	0.2092191637674	0.210237389656962	0.167361192373518	1.19046993103417	1.07743390237197	1.0234872547521	0.997045473320289	0.984955299713068	0.978508362995949	0.979020738324446	1.03256745936011	1.09668363656623	0.0406851999204608	0.13177287245299	0.175244627704682	0.196552173243415	0.20629478175001	0.21148990818427	0.211077021455249	0.16792753851063	0.116260884767495
31	1.53461145939022	1.26978122812777	1.1158236689568	1.04511504786974	1.00920259336768	0.989423224155917	0.980933705311884	0.980540760525097	1.03265584088278	-0.236633909842487	-0.0232261170577899	0.100837297940462	0.157816331962021	0.186755617376038	0.202694400142774	0.209535497813809	0.209852143988359	0.167856318145843	1.18997379652542	1.07549597396048	1.0241389860143	0.997262021242589	0.982972626672145	0.978161804613063	0.978747059593157	1.03235177957735	1.09715865587151	0.0410849993313214	0.133334510725548	0.174719443969079	0.1963776727194	0.207892476527755	0.211769174864703	0.211297559623033	0.168101339462911	0.115878100592946
32	1.53515868298947	1.2704146908745	1.11735713986627	1.04495586800152	1.00872944131484	0.989014363928072	0.980725984406179	0.979469678109207	1.03268157145616	-0.237074878307147	-0.0237365794998845	0.0996015831184494	0.15794460366337	0.187136896865041	0.203023871436009	0.209702885274789	0.210715252906008	0.167835583712148	1.19141031401182	1.07545854453952	1.02149594853326	0.997918233646514	0.984039302529997	0.978415352874522	0.979026100181257	1.03406920058583	1.09859517011907	0.039927412357174	0.133364672426025	0.176849279344697	0.195848877951326	0.207032918540905	0.211564858406629	0.211072700717312	0.166717392377436	0.114720516228747
33	1.53664500360293	1.26869404484262	1.11626338354882	1.04524147920158	1.00808071835517	0.989923966839661	0.981210603798492	0.979690321316135	1.03314905508513	-0.238272598068888	-0.0223500335980911	0.100482963316011	0.157714449970154	0.187659656424225	0.202290887332392	0.209312365074881	0.210537452284232	0.167458872001609	1.18970328110773	1.07482479241738	1.02543605965941	0.996710381834718	0.983604489383787	0.97864784493864	0.980234191637241	1.03276185656764	1.09761251658385	0.0413029884103125	0.133875368055119	0.173674224839972	0.196822199569246	0.207383303439804	0.211377509636034	0.210099185987235	0.167770887667618	0.115512366619185
34	1.53607680538165	1.27379726352264	1.11722067825534	1.04666453341382	1.00862831184001	0.989902607172323	0.981170233017499	0.98010473688738	1.03173228834575	-0.237814727652476	-0.0264623535149286	0.0997115477967616	0.156567712088306	0.187218389895145	0.202308099564694	0.209344897007598	0.210203504336019	0.168600543257567	1.19026321470009	1.0757938011397	1.02194498344285	0.996971479442042	0.984683588206399	0.978010996604472	0.98026719391699	1.03454217249807	1.09780872101366	0.0408517778688235	0.133094513046106	0.176487434141139	0.196611799631841	0.206513734671796	0.211890700281549	0.210072591804068	0.166336258050894	0.115354259464645
35	1.53367059392834	1.27137252188905	1.11821600409871	1.04699457583611	1.00819784738209	0.989445569539428	0.981455868178514	0.980398058012571	1.03322891788093	-0.235875733479575	-0.024508427191521	0.0989094856971201	0.15630175444242	0.187565270496349	0.20267639359212	0.20911472400596	0.209967137764099	0.167394516271159	1.1907185000832	1.07526709997036	1.02319043797969	0.997794419188682	0.984896935746367	0.978188754197511	0.978708920341848	1.03253932591262	1.09595063876801	0.0404848958545083	0.133518943948392	0.17548381116935	0.195948651191091	0.206341813107617	0.211747458116935	0.211328293325155	0.167950209249176	0.116851555407656
36	1.53705912291079	1.26982817616629	1.11763607962735	1.04589125781935	1.00820315585722	0.989546674437287	0.981791199511897	0.979418782626522	1.03207466016352	-0.23860630727957	-0.0232639491331801	0.0993768054620252	0.157190839731415	0.187560992774901	0.202594920366843	0.208844504403887	0.210756265945081	0.16832465023133	1.18937342279852	1.07507962460514	1.02446282538711	0.99682341755838	0.98439716247035	0.978438725440487	0.979230732385283	1.03372199831571	1.09692656961498	0.0415687976926074	0.13367001697243	0.174458484918301	0.196731112142491	0.206744544741461	0.211546024122905	0.210907802220695	0.166997177920659	0.116065122352149
37	1.53411935594023	1.27221944381439	1.11808429965474	1.04507972835027	1.00839061729928	0.989145845538465	0.981155266565498	0.9796585252921	1.03312293513393	-0.236237358774343	-0.0251909011594114	0.0990156169139086	0.157844793443382	0.187409930970545	0.202917919784901	0.209356957403695	0.210563074431961	0.167479920207116	1.18817316338485	1.07479588958873	1.02331856273125	0.997367747915316	0.98496326275674	0.97833758151946	0.979590573241418	1.03501434660112	1.09816359767851	0.0425360011384502	0.133898658783069	0.175380564571325	0.196292475135433	0.206288364901126	0.211627528794169	0.210617832142522	0.165955766621866	0.115068289674128
38	1.53521476178864	1.27174634268456	1.11704861231827	1.04644067570805	1.00769609865551	0.989019123387948	0.981363699560983	0.980401562344616	1.03346567833966	-0.237120068211243	-0.024809662705634	0.0998502034618159	0.156748103045403	0.187969594004895	0.203020036126792	0.209188996120355	0.209964313872871	0.167203727905813	1.19182874494891	1.07646826553002	1.02310189718839	0.997635126809201	0.984807187488102	0.978012032435426	0.978807202870917	1.03296725897371	1.09722704237394	0.0395902287120475	0.132551010304134	0.175555159877355	0.196077013557239	0.206414134827125	0.211889865579269	0.211249094445563	0.167605368520114	0.115822992788711
39	1.53644017738263	1.26902257491179	1.11605890346284	1.04475570098603	1.00917049306847	0.988962476674682	0.981521260601666	0.980109583195404	1.03323244035416	-0.238107543228392	-0.0226147725464758	0.100647739231547	0.158105903983047	0.186781484717426	0.20306568367235	0.209062028916646	0.210199599042073	0.167391677761242	1.18584205233998	1.07476816082538	1.02338684755209	0.997475183645865	0.984104866568939	0.978227796793726	0.978816503819209	1.03377542413414	1.0977549454499	0.0444144772491601	0.133921003415532	0.175325538705026	0.196205900343675	0.206980085158666	0.211715996473591	0.21124159947478	0.166954125864498	0.11539759335562
40	1.53436370237015	1.26936211962006	1.1173058119556	1.04576770493487	1.00869661397649	0.98917096140534	0.981616202966768	0.980180988510021	1.03307033963645	-0.236434260132752	-0.0228883874068282	0.0996429446203845	0.157290402187875	0.187163350075417	0.202897680699324	0.208985521636938	0.210142058592432	0.167522303166852	1.19452713952926	1.07783832277181	1.02466935415185	0.997462635245204	0.983865273154911	0.979022282977249	0.979699250060541	1.031654811702	1.09764344279952	0.0374157849987675	0.131446978900442	0.174292058118683	0.196216012204679	0.207173156400607	0.211075776729737	0.210530257246011	0.168662976158284	0.115487445387966
41	1.53415166199064	1.27075701702915	1.11567630358542	1.04491276494294	1.00741093234004	0.989250520176973	0.981071704090775	0.980656687260651	1.03264070629062	-0.23626339191595	-0.0240124357294713	0.100956049181548	0.157979337343697	0.188199389197348	0.202833569960268	0.209424294441483	0.209758726901339	0.167868514034104	1.19219992962705	1.07843099195703	1.0265980494837	0.997645717039702	0.984983555103858	0.977710527815495	0.979408236474197	1.03263693942736	1.09656962466388	0.0392911174568847	0.130969389079726	0.172737860126402	0.19606847964589	0.206272012746055	0.212132826645864	0.210764764336973	0.167871549480509	0.11635275882702
42	1.53295099630582	1.27002263639918	1.11594366690024	1.04624471469222	1.00866367030598	0.98900619637805	0.981065038093007	0.979835060636216	1.0338627786713	-0.235295861085169	-0.0234206507638408	0.100740600157412	0.156906014049977	0.187189897029577	0.203030453081973	0.209429666093593	0.210420817190571	0.166883733074087	1.19447462956449	1.07783460859032	1.02318190921283	0.997687472934409	0.984386517906585	0.979058982765435	0.979215077572475	1.0343416097854	1.09786551918127	0.0374580990337883	0.131449971894375	0.175490683894193	0.196034831548833	0.206753122436113	0.211046202988268	0.210920417317664	0.166497877234705	0.115308489872837
43	1.53239265930784	1.26803295822	1.11734452584404	1.04609450579301	1.00789752414873	0.989631492129183	0.980969612365357	0.980617713977992	1.03275987280392	-0.234845937125201	-0.0218173110448532	0.0996117478591934	0.157027056687312	0.187807279567774	0.202526571839069	0.209506562880699	0.209790132689833	0.167772486241295	1.19178827869024	1.0777375219027	1.02367172613988	0.996509733645453	0.984786128439306	0.978642671624032	0.979407636582725	1.03242172649347	1.0967595926412	0.0396228375834098	0.131528207130642	0.175095975371787	0.19698388763255	0.206431104812388	0.211381678441259	0.210765247746719	0.168044974232588	0.116199677184697
44	1.53595077141398	1.27084608641421	1.11744613828597	1.04659398902572	1.00809386674944	0.989885288407235	0.981104389196836	0.980415365140485	1.03181002956132	-0.237713165868051	-0.0240842103934871	0.0995298656403473	0.156624558778679	0.187649061071167	0.202322055522114	0.209397955845968	0.209953191184247	0.168537897157291	1.19095348277501	1.07584656706494	1.0231180089943	0.997364809306781	0.984769653920985	0.978649220705685	0.979557427734715	1.03444862627836	1.09789956563094	0.0402955400647174	0.133051992750797	0.175542176522244	0.196294843150438	0.20644438045156	0.211376401003507	0.210644541742074	0.166411640276619	0.115281054267612
45	1.53241624463318	1.27158694217412	1.11548650591063	1.04411751104598	1.00701637521511	0.989190597795621	0.981055646816198	0.981083161257963	1.03297111717875	-0.234864942856525	-0.024681213204462	0.101108993589214	0.158620175733044	0.188517334640197	0.202881857133079	0.209437233853685	0.209415061927697	0.167602259467877	1.18956678830617	1.0764064418158	1.02550203893791	0.997848457218358	0.984585382087821	0.978533537335829	0.979597937425272	1.0332264882024	1.09869297471708	0.0414129782229306	0.132600829625472	0.173621056845793	0.195905105797559	0.206592871977623	0.21146962197947	0.210611897872048	0.167396474175771	0.114641702479705
46	1.53638055981531	1.27078124631425	1.1166593934507	1.04621295409964	1.00737328444281	0.989007203573393	0.980955255517853	0.979933342265351	1.03300528159698	-0.238059501683473	-0.0240319603820323	0.100163847183847	0.15693160764603	0.188229726952268	0.20302964145509	0.209518132040015	0.210341619036172	0.16757472880021	1.19114333160046	1.07460369671455	1.02342410073758	0.996910620092336	0.983826993827814	0.978243997545731	0.979027586356363	1.03392871737734	1.09776076219366	0.0401425544383811	0.134053533311071	0.175295519020148	0.196660841840615	0.207204002979815	0.211702941443165	0.211071503114804	0.166830597774359	0.115392906056737
47	1.53460806815302	1.2696094994036	1.11666900054331	1.04489886455447	1.00807378217467	0.989374469093729	0.980938562588855	0.979772316942943	1.03155542452206	-0.236631177086333	-0.0230877331285511	0.100156105513194	0.157990538675233	0.187665245797318	0.202733688369647	0.209531583680772	0.210471377857413	0.168743065197212	1.18895854181435	1.07785864431927	1.02261332561094	0.998363647381514	0.98432047457433	0.978240067160212	0.979007838442694	1.03181640604873	1.0960433530746	0.0419031206838966	0.131430603214905	0.175948864861352	0.195489950794071	0.206806342046643	0.211706108660496	0.211087416549792	0.16853275880093	0.116776843561376
48	1.53530654405897	1.26972144608783	1.1176180545527	1.04563105564334	1.00759309349272	0.98886644854075	0.980927577333803	0.980259878778207	1.03341093943719	-0.237194028995992	-0.0231779429761074	0.0993913305839395	0.157400518104597	0.188052598518127	0.203143065895708	0.20954043591423	0.210078486552619	0.167247838082736	1.18919140031475	1.07857739988198	1.02335692078577	0.997557878538778	0.984611719773528	0.978429977437595	0.979363066268211	1.03249946056592	1.0989701768258	0.0417154766284408	0.130851409376424	0.175349654551301	0.196139262428181	0.206571648315404	0.211553073514432	0.210801163783943	0.167982333888448	0.114418325073377
49	1.53290420910674	1.27038385631378	1.11864427501842	1.04574887695082	1.00778164842394	0.988813802300172	0.981113732052257	0.97992330363654	1.0334611054548	-0.235258158618802	-0.0237117321268578	0.098564372711894	0.157305574317197	0.187900655548861	0.203185489745684	0.209390427105219	0.210349708451066	0.167207412867534	1.19131810136031	1.07589585920112	1.0237545479914	0.998015875323436	0.984597372715395	0.978314369173151	0.978724245419364	1.03280980909213	1.09764710622798	0.0400017199554135	0.13301227173431	0.175029235149404	0.195770195488767	0.206583209586164	0.211646233968302	0.211315943938336	0.167732246148629	0.115484493292288
50	1.53632368727532	1.26993512942649	1.11721442734862	1.04505810839379	1.00863448167168	0.989568621762101	0.981296917625002	0.979555202310403	1.03329736856934	-0.238013672160267	-0.0233501351365022	0.0997165849566024	0.157862215424143	0.187213418067908	0.202577234583298	0.209242810918943	0.210646335052786	0.167339356744017	1.18875688059504	1.07318672112817	1.02508487369492	0.998051153008322	0.98438808555543	0.978360233449107	0.980681539163614	1.03304439662631	1.09671312683175	0.042065625075854	0.135195372861927	0.173957220558325	0.195741767718908	0.20675185917973	0.21160927521985	0.209738700525451	0.167543208788179	0.116237120666083
51	1.53543130309771	1.27291857462624	1.11640359828223	1.04490792345256	1.00788476243849	0.989527968224325	0.981278756092549	0.98020359774426	1.0325468847686	-0.237294563406132	-0.0257542808110249	0.100369974264005	0.157983238755445	0.187817563319751	0.202609994369537	0.209257446002468	0.210123839423297	0.167944118106323	1.19184489815091	1.07803144976651	1.02300996691528	0.997153105708772	0.984680531825324	0.978414221281416	0.978927455474584	1.03353601850564	1.09769349942647	0.0395772119987785	0.13129135163135	0.175629239926985	0.196465439979056	0.20651619759129	0.211565770276795	0.21115219145	0.167147045783485	0.115447108322896
52	1.53725808891314	1.27088130691248	1.1190440688978	1.04503503196257	1.00739414011776	0.988939772928061	0.981087604221324	0.979814458451484	1.03231036263336	-0.238766639788431	-0.0241125920807315	0.0982422073421682	0.157880811073996	0.188212920851477	0.203083979002272	0.209411481660446	0.210437419021673	0.168134714423767	1.18970548803733	1.07485191069664	1.02323964940637	0.99676381373877	0.983685428349295	0.978059597911122	0.980095925523841	1.03318160169814	1.09883256788187	0.0413012100031728	0.133853515368236	0.175444155190884	0.196779142609118	0.207318080500954	0.211851535955297	0.210210604785372	0.167432645007762	0.114529214305515
53	1.53293747527834	1.26834086175827	1.11738934824161	1.04511687312479	1.00789375798838	0.989346582063355	0.981205630926567	0.979553856422841	1.03337245116708	-0.23528496545359	-0.0220654285432944	0.0995756286862159	0.157814861119174	0.18781031444776	0.202756160538217	0.209316372357646	0.210647419607568	0.167278853034218	1.19107442452046	1.07644979700457	1.02597291773887	0.997829386127522	0.984416725383309	0.978695109510052	0.978596758798757	1.03236823698167	1.09758918331434	0.040198081738943	0.132565892771413	0.173241609208322	0.195920473829305	0.206728780385348	0.211339422489359	0.211418676312143	0.168088077614689	0.115531169236695
54	1.53502587468535	1.27001568602336	1.11575941467476	1.04621592289393	1.00859903586567	0.989496329053575	0.980811519337801	0.980477125795617	1.03275998593653	-0.236967857568199	-0.0234150499517447	0.100889075883042	0.156929215306472	0.187241981314586	0.202635490120393	0.209633958774682	0.209903422677722	0.167772395075795	1.18964723916256	1.07628989903539	1.02606415291107	0.997844092401967	0.984565222203743	0.978114821376968	0.97886870941358	1.03209337148963	1.09751509784558	0.0413481486164012	0.132694743139106	0.17316808929094	0.195908623091742	0.206609117390178	0.211807035303313	0.211199530710151	0.168309572108314	0.11559086943138
55	1.53671249701577	1.27057094294103	1.11885837636952	1.0455010850662	1.00789677270689	0.98961230389618	0.981080456627749	0.979624262799042	1.03342165429452	-0.238326986195929	-0.0238624918946897	0.0983918437050917	0.157505252121789	0.187807885101153	0.202542034267332	0.209417241396263	0.210590684131141	0.167239203743515	1.1905674312589	1.07828463657174	1.0237185634292	0.996697833885198	0.984725640931734	0.978666530470594	0.979164235806864	1.03313818864077	1.09722145368901	0.0406066314441302	0.131087326445061	0.175058232541272	0.196832311066707	0.206479847380109	0.211362452298689	0.210961387069979	0.167467628494002	0.115827496311245
56	1.53533711593707	1.27041387477006	1.11811779739342	1.04494746049079	1.00826455131655	0.98880322398212	0.981488372366874	0.979723281563284	1.03198256506377	-0.237218664691834	-0.0237359218595261	0.0989886234757332	0.157951378676548	0.187511518553626	0.203194014057641	0.209088531199116	0.21051089197214	0.168398863102987	1.18757848862301	1.07434122476691	1.02448078365431	0.997598655932448	0.983476119560403	0.978893757143916	0.979852546104179	1.03285250606205	1.09797948324807	0.0430152071103004	0.134265040731303	0.174444013631744	0.196106402835313	0.20748674752373	0.211179346530951	0.210406726899195	0.167697839706182	0.115216654360563
57	1.53483656160016	1.27149225619534	1.11664896094298	1.04592076127524	1.00837314784982	0.989178353607538	0.980927870582029	0.979408727974179	1.03292029209621	-0.23681530365673	-0.0246049125282042	0.100172253997654	0.157167065000818	0.187424008353756	0.202891723850866	0.209540199606402	0.210764368272196	0.167643215776494	1.19172846896662	1.07499450843309	1.02392722141051	0.997329186064918	0.984859111271453	0.977842024623076	0.978588329134774	1.03272471731223	1.09734449358405	0.0396710339733948	0.133738606024067	0.174890089957905	0.196323549380016	0.206372293153895	0.212026862748425	0.211425469177052	0.167800815544371	0.115728347236391
58	1.53581885565525	1.26869236403076	1.11687544794409	1.04552265317743	1.00838817644616	0.98997867725988	0.981197273649831	0.979758481421111	1.03464201482462	-0.237606864367765	-0.0223486791517067	0.0999897442789941	0.157487871919421	0.187411897879969	0.202246800107283	0.209323106890835	0.210482526917556	0.16625580224177	1.19071996888157	1.07574377798751	1.02445028413746	0.9979519451993	0.984683100610606	0.97857364595562	0.979999536741349	1.0325782210626	1.09821220657477	0.040483712254677	0.13313482313626	0.174468591016813	0.195821712215612	0.206514127590465	0.211437301303766	0.21028827762968	0.167918866422233	0.115029119231948
59	1.53341806198844	1.26929879797586	1.1176173960539	1.04463188202003	1.00899583061405	0.989273776005585	0.981154476360937	0.980221733536257	1.03269784430274	-0.235672236002556	-0.0228373610105645	0.0993918612211576	0.158205680855628	0.18692223273061	0.202814829746849	0.209357594173184	0.21010922508217	0.16782247058584	1.18919126493942	1.0765141267798	1.0231585071068	0.997376977036772	0.984380688144858	0.978196895703494	0.979023929742331	1.03309453499272	1.09617551409966	0.041715585717764	0.132514053994258	0.175509541982152	0.196285038044773	0.206757820225245	0.211740897458005	0.211074449719222	0.167502805855106	0.116670344418452
60	1.53639016189972	1.27150484004896	1.11646704706783	1.04538118152885	1.00803408319807	0.989282641918581	0.981484583679654	0.980007031739182	1.03262644615891	-0.238067239318366	-0.024615052958215	0.100318845413555	0.157601873829707	0.187697236370796	0.202807685339979	0.209091584231896	0.210282237945551	0.167880005257062	1.19111309015544	1.07785234416836	1.02398173151811	0.997048156857965	0.984302368714003	0.978767857315146	0.979986662802528	1.03373741944369	1.09735034541539	0.0401669238617735	0.13143568005712	0.174846164150448	0.196550010771822	0.206820932267973	0.211280800222404	0.210298651818666	0.166984751133623	0.115723631662931
61	1.53634836793818	1.27045320399948	1.11737195386723	1.04626697792025	1.00852611914713	0.989840258068597	0.981253285586351	0.980272875534117	1.03205424288708	-0.238033560545965	-0.0237676144801311	0.0995896455717709	0.156888073702567	0.187300739696843	0.202358342259966	0.209277970866578	0.210068013394101	0.168341103058029	1.1899491275114	1.07558313828994	1.02545508433975	0.997688315751634	0.983392599410066	0.978281817563695	0.97948142622542	1.03451716168972	1.0983211759911	0.0411048783300548	0.13326427120995	0.173658894207132	0.19603415238255	0.207554050455315	0.211672464988425	0.210705785937156	0.166356412477299	0.114941308552221
62	1.53734875434742	1.27330130055879	1.11508232698943	1.04605192040839	1.00739265540591	0.989286046732526	0.9810346413877	0.979646718393067	1.03201315939872	-0.238839700594671	-0.0260626923398672	0.101434692551344	0.157061373211119	0.188214117274855	0.20280494164329	0.209454160630174	0.210572588769695	0.168374209310771	1.18927166970325	1.07599512217597	1.0218524912394	0.997035555706363	0.984075047127496	0.978316626840536	0.979102716018576	1.03473763152097	1.09697287222917	0.0416507932539358	0.132932282783397	0.176561967010343	0.196560165141045	0.207004114519476	0.211644414675197	0.211010961479095	0.166178751566611	0.116027810378182
63	1.53464580700104	1.26980906899641	1.11534292491864	1.04433089282078	1.0082504088967	0.989499489524858	0.981014287314294	0.980023469490955	1.032700448241	-0.236661588131997	-0.0232485520279091	0.10122469526889	0.158448226581458	0.187522914920986	0.202632943322025	0.209470562526057	0.210268991933918	0.167820372257741	1.18963494560916	1.07938198736542	1.02351289586847	0.996634304801869	0.984593874568423	0.977930815532965	0.978992780293639	1.03355985641001	1.09805148879278	0.0413580551141788	0.130203049715504	0.175223965358004	0.196883504623372	0.206586028493283	0.211955312487685	0.211099550838003	0.167127836516726	0.115158630228307
64	1.53414739331183	1.27162301666409	1.11571260695906	1.04373652346072	1.00834179932172	0.988953145004155	0.981352684774458	0.979920004345368	1.03356361446796	-0.236259952092187	-0.0247102830627017	0.100926794882289	0.158927186451802	0.187449269896428	0.20307320339999	0.20919787215112	0.21035236711448	0.16712480816589	1.18827452465476	1.07887234368551	1.02269784151178	0.997423770096966	0.984991018003062	0.978346360726258	0.979674921362302	1.03161131859591	1.09652453108951	0.042454321321224	0.130613735203778	0.175880759525466	0.196247330855357	0.206265998927923	0.21162045425764	0.210549862008533	0.168698024150073	0.116389096522039
65	1.53004316357411	1.27042298021979	1.11673561537176	1.04634038453932	1.00743196510454	0.98911405406128	0.980977038323848	0.980949633019083	1.03303524123449	-0.232952646105127	-0.0237432592919653	0.100102425374642	0.156828920544421	0.188182440392723	0.202943538268648	0.209500578830452	0.209522662810716	0.167550586465387	1.18908921682527	1.077280158247	1.02373884745705	0.997361519198764	0.984780036286637	0.978963364807112	0.979443848129646	1.03339663553415	1.09755556854014	0.0417978190137673	0.131896763876587	0.175041887090107	0.196297494413802	0.206436014043665	0.211123254680361	0.210736067444059	0.167259364577884	0.115558256985447
66	1.53634380966482	1.26672364541747	1.11609153570659	1.04711366195225	1.00865706921272	0.98937615608195	0.98102621131968	0.979474579080851	1.03228449933009	-0.238029887358615	-0.020762229251813	0.100621443233995	0.156205791435944	0.187195216379769	0.202732328946174	0.209460953820666	0.210711303562551	0.168155555815019	1.19002524353581	1.07743762111451	1.02482429676796	0.996936353850921	0.984775323865318	0.978407883989048	0.978926605696071	1.03343464109058	1.09822142739071	0.0410435418554108	0.131769875783638	0.174167200916562	0.196640104840184	0.206439811447864	0.21157087704867	0.211152876225887	0.167228738610932	0.115021688834111
67	1.53356454999943	1.26946896981949	1.11734543693698	1.044919016749	1.00901396662225	0.989938551185588	0.981185519654185	0.980454810410384	1.0348272282787	-0.235790280241481	-0.0229744903608213	0.0996110136743757	0.157974299459139	0.186907618215258	0.202279134848324	0.209332578597502	0.209921405054904	0.166106551930577	1.18953377526722	1.07461752997265	1.0217849415171	0.996322921783908	0.984057076758453	0.97839887844598	0.979152880869852	1.03355717379994	1.09636344027663	0.0414395810761735	0.134042386075106	0.17661640051316	0.197134425986303	0.207018595558044	0.211578133973454	0.210970537203759	0.167129998240834	0.116518908117385
68	1.53525533784311	1.27000980576009	1.1168241522269	1.04517546794119	1.00800535180335	0.989933226593665	0.98074665923109	0.980376836592419	1.03367260726509	-0.237152765559218	-0.0234103114670188	0.100031079838501	0.157767643736254	0.187720388952366	0.202283425557147	0.209686224908148	0.209984238592856	0.167036978645242	1.18906837616427	1.07393996602678	1.02259313518742	0.998314519459411	0.984946376289651	0.978200471784426	0.979641535672634	1.03271905192956	1.09745536547696	0.0418146130158855	0.134588386527808	0.175965134883464	0.195529539482152	0.206301972500425	0.211738015749466	0.210576765154404	0.16780538087215	0.115639003486487
69	1.53551204487269	1.26931710032548	1.11574977667697	1.04502932256114	1.00754112423228	0.989699935954237	0.981016233376685	0.979654282600408	1.03325211452884	-0.237359627443198	-0.0228521095685983	0.100896842457973	0.157885411873349	0.188094476838101	0.202471417842621	0.209468994333191	0.210566493314561	0.167375823747249	1.18996590101013	1.07913070985516	1.02257037937758	0.997662420141478	0.984166884426902	0.978380261655919	0.979471243938839	1.03388279452565	1.09669394462092	0.0410913617638975	0.130405536337163	0.175983472167423	0.196055019807617	0.206930109390726	0.211593135916612	0.210713991115599	0.166867603724819	0.1162525782415
70	1.53501060831927	1.26952105658359	1.11637571924973	1.04468589866661	1.00843189563419	0.989890615225655	0.981254861387322	0.980014355867208	1.03317876911153	-0.236955555492741	-0.0230164633686187	0.100392439987657	0.158162152693202	0.187376667704863	0.202317763019117	0.209276701040979	0.210276335953212	0.167434927587261	1.19146653875944	1.07660481989738	1.0256019111948	0.997506085151141	0.983852024706859	0.978656933746374	0.979450640744596	1.03322784837681	1.09589338505679	0.0398821048436311	0.132440970880023	0.173540576917942	0.196180999024807	0.207183832379869	0.211370185614195	0.210730593760195	0.167395378108236	0.116897692089572
71	1.53643251346651	1.27060671951729	1.11725109905794	1.04461837834337	1.00750359667202	0.989765322909877	0.980986373929366	0.980141228245831	1.03344408437619	-0.238101367425068	-0.0238913216855232	0.0996870338418875	0.158216562505414	0.188124717622041	0.202418727159184	0.209493055931882	0.210174098553206	0.167221128940659	1.19074369065123	1.07654027249259	1.02476039085368	0.997860378896464	0.985094065647525	0.978073421342187	0.978915328124613	1.03335362509796	1.09803676303483	0.0404645965725985	0.132492985029322	0.174218698134417	0.195895498967557	0.206182960181735	0.211840396638239	0.211161964016286	0.167294023620433	0.115170496666235
72	1.5364599845004	1.26829850634998	1.11787391815565	1.04561499080698	1.00879797611989	0.988906454355577	0.981182396043597	0.979720819271661	1.03267963614156	-0.238123504371746	-0.0220312973410068	0.099185148357314	0.157413463610299	0.187081669554304	0.203110828063192	0.209335095692465	0.210512876157321	0.16783714324413	1.18857488118967	1.07749901597102	1.02292498502365	0.997740918798491	0.984487077876111	0.978418502510969	0.978960416208636	1.03400445640165	1.09773761017482	0.0422122854144488	0.131720402048124	0.175697720771606	0.195991763339313	0.206672088329708	0.211562320339283	0.211125630745547	0.1667695650972	0.115411562617266
73	1.53820111619461	1.27056413161513	1.11588179468861	1.04578152477747	1.00838857207421	0.989158338188726	0.981195999741408	0.980198954517383	1.03218446701233	-0.239526558207549	-0.0238570031330061	0.10079045855936	0.157279265762502	0.187411579071543	0.202907852849167	0.209324133442764	0.210127581068632	0.168236164724498	1.18853406732489	1.07588496146336	1.02383817744852	0.997182379435462	0.983371981730789	0.978588788340755	0.979740585817131	1.03459965417619	1.09753846401042	0.0422451743967894	0.133021053443827	0.174961844135285	0.19644185037084	0.207570664772366	0.211425099135706	0.210496947708293	0.166289937666719	0.115572040305868
74	1.53185870855476	1.26939777636709	1.11513145634069	1.0458092348957	1.00809252216229	0.989373750240796	0.981494184320202	0.979520531422156	1.03167264932068	-0.234415664300502	-0.0229171206358338	0.101395102711612	0.15725693615481	0.187650144578043	0.202734267641949	0.209083847760501	0.210674273848517	0.168648602093761	1.19255305292826	1.07488513810274	1.02328994325234	0.996782330197314	0.984246196878575	0.978173368497526	0.979314799258448	1.03443754629483	1.09648976912316	0.0390065605770529	0.133826739771802	0.175403626967919	0.196764221515974	0.206866197143355	0.211759856355076	0.21084005872418	0.166420568845001	0.116417108711117
75	1.53792808537022	1.26934171856982	1.11685742199396	1.04631249535537	1.00819272211297	0.989486703257932	0.980894777135394	0.979789565953642	1.03302522893875	-0.239306542141721	-0.0228719476556642	0.100004270106395	0.156851394448405	0.187569400585145	0.202643246862484	0.209566867254459	0.210457478110079	0.167558654660335	1.19403637666043	1.07636076796829	1.0252992294274	0.997565530008625	0.984616309735017	0.978151940644087	0.978979560947562	1.03342637708545	1.09693244899619	0.0378112557881817	0.132637634921222	0.173784486563715	0.196133096654418	0.206567949592847	0.211777123533694	0.211110203366059	0.16723539798319	0.116060384578217
76	1.53193361842599	1.27295901345815	1.11601532874465	1.04575956848877	1.00777133358759	0.989990300651137	0.980743900373244	0.981110296056469	1.03292585087203	-0.234476028822329	-0.0257868675811233	0.100682852988707	0.157296958769408	0.187908967539709	0.202237433645376	0.209688448074894	0.209393195929132	0.167638736355574	1.1902599705275	1.07640291481477	1.02300672747001	0.995447683400867	0.984182184254297	0.979038098114291	0.979492743091857	1.03424487960924	1.09791093724862	0.0408543921161019	0.132603671784026	0.175631850364857	0.197839718167618	0.206917780351179	0.211063032438903	0.210696666481737	0.166575825183821	0.115271890692073
77	1.53468763107255	1.26898549804947	1.11609240285701	1.04574894998737	1.00805372713926	0.98967179935438	0.981189475786622	0.979682150112246	1.03261117595306	-0.23669529116788	-0.0225848949478633	0.100620744459325	0.157305515462255	0.187681406719817	0.202494091121435	0.209329390632566	0.210544036874586	0.167892310426713	1.1904357172764	1.07645210616628	1.02506868293002	0.997976317364495	0.984549648331735	0.978382017718438	0.978551142475051	1.03414028899347	1.09643451456791	0.0407127703473437	0.132564031982702	0.173970267540855	0.195802072426171	0.206621667262731	0.211591720831089	0.211455435253562	0.166660107300525	0.116461634415834
78	1.53876095898714	1.26785188282967	1.11915820534639	1.04573008743554	1.00840876295605	0.988791669947433	0.980863833941793	0.980565686830922	1.03279016322695	-0.239977695579932	-0.0216713953040664	0.0981502329197146	0.157320715447294	0.1873953086801	0.203203324630035	0.209591802166975	0.209832057656511	0.167748077350017	1.19137745478571	1.07451192579947	1.0241240490715	0.998107073808284	0.983925474590872	0.978216279009487	0.980311307313905	1.03303878310259	1.09740101602942	0.0399538912636144	0.134127484945428	0.174731480585812	0.195696705135102	0.207124644357592	0.211725277834334	0.210037043964145	0.167547732326529	0.11568279982946
79	1.53376815833634	1.27052721897676	1.1166283388399	1.0448556377115	1.00831431335828	0.989601597741574	0.981091757082232	0.980346315596926	1.03376244546404	-0.235954353676621	-0.0238272578707566	0.100188871879532	0.15802537210457	0.187471418873766	0.202550661593649	0.209408135166067	0.210008833286032	0.166964584448954	1.18737335642524	1.07571077708336	1.02729011774562	0.997767868397229	0.985454377199387	0.978194663793191	0.979747422692632	1.03317821035911	1.09795477679548	0.0431805085162089	0.133161416210933	0.17218017168	0.19597004658003	0.205892610803451	0.211742695995313	0.210491438358008	0.167435377845979	0.115236563528371
80	1.5328607228734	1.26958952556028	1.11805047943556	1.04612605288282	1.00787233040482	0.98886805634329	0.981102819078369	0.97996288118711	1.03389213851345	-0.235223116165264	-0.0230716376329709	0.0990428702161208	0.157001635137914	0.187827581408902	0.203141770282327	0.209399221092443	0.210317815726166	0.166860074071561	1.19109004475533	1.07580852993055	1.02367553709512	0.997407143762335	0.984838427609777	0.97871206173704	0.97978659513168	1.03249853133403	1.09660206874312	0.0401854945058707	0.133082644164181	0.175092904394795	0.196260728832463	0.206388960641455	0.211325761898848	0.210459872083586	0.167983082690148	0.116326614457826
81	1.53687377348154	1.26857504557593	1.1158912142726	1.04552515281114	1.00845362388229	0.989203307672923	0.980701072609708	0.980217637815619	1.03243559904036	-0.238456947395692	-0.0222541405773977	0.100782867988529	0.157485857642919	0.187359158459621	0.202871615149569	0.209722959914583	0.21011252553128	0.168033795336595	1.18735401212891	1.07776722306255	1.02539719951877	0.997142718447544	0.98489864970766	0.978833917676557	0.979709339177574	1.03333113437155	1.0965634590818	0.0431960967047811	0.131504273084526	0.17370553945538	0.196473810331947	0.20634043194847	0.21122756688929	0.21052212714626	0.167312147292569	0.116357727229825
82	1.53600634636589	1.27226924132052	1.1180169442578	1.04455469442961	1.00929233399907	0.989903532288113	0.980619971354781	0.980845553739947	1.03312978587661	-0.237757949757583	-0.0252310294175002	0.0990698938237768	0.158267880828878	0.18668330180249	0.202307354079869	0.209788313630899	0.209606532877698	0.167474399682264	1.19311956715236	1.07496721273801	1.02352128097618	0.997184033328315	0.983706157834317	0.977503389836096	0.978372639941393	1.03419076959122	1.09775751069984	0.0385500471738498	0.1337606016777	0.175217208397819	0.196440517616563	0.207301376087628	0.212299744368114	0.211599277712683	0.166619428587621	0.115395526203675
83	1.53518936892865	1.27077064363874	1.11769976042543	1.04642200155997	1.00696019796888	0.988887107570225	0.981196283795422	0.980169552851353	1.03122512230716	-0.237099605916676	-0.0240234164421382	0.099325489649267	0.156763151209296	0.188562603875758	0.203126418257483	0.209323904543896	0.210151273774036	0.169009232191432	1.18969497062971	1.0756971106809	1.0241258672745	0.997095302655344	0.983738337885622	0.978069137908312	0.97946186140872	1.03313892914453	1.09732895555132	0.041309685231754	0.133172428989831	0.174730015425713	0.196512019336668	0.207275444479715	0.211843848352058	0.210721551827358	0.167467031774842	0.115740868228618
84	1.53324659608474	1.26821950928002	1.11679121381168	1.04528410028682	1.00744177955319	0.989509876277418	0.980655937490326	0.979576926742838	1.03260844759253	-0.235534063861587	-0.0219676392372594	0.100057622557801	0.157680104677764	0.188174531628633	0.202624573379034	0.209759331087762	0.21062882888231	0.167894509017848	1.19171719755984	1.0755171193427	1.02422301899011	0.997618632455484	0.984379978889077	0.978411326947358	0.9794658821354	1.03290292314157	1.09797478772284	0.0396801167961132	0.133317471170338	0.174651727788021	0.196090305180342	0.206758391763888	0.211568102614157	0.210718311810528	0.167657212178099	0.115220438149411
85	1.5375488403283	1.27048937777233	1.11678018532424	1.04529971407141	1.00834383246614	0.989701541502119	0.981546854687933	0.979664025621824	1.0308510012858	-0.239000935614339	-0.0237967643433619	0.100066509629157	0.15766752264251	0.187447631530365	0.202470124046108	0.209041404468173	0.210558642108581	0.169310709636146	1.18872203693802	1.07727569944775	1.02499377842663	0.997183231174881	0.984124684804922	0.978100345612658	0.978684756304618	1.03318455084959	1.0981030572311	0.0420937030936162	0.131900356904857	0.174030627737132	0.196441164014797	0.206964115055941	0.211818700289201	0.211347765399114	0.167430268496974	0.115117074902289
86	1.53524502551894	1.26724245632791	1.11682886683123	1.04525066754235	1.00891183781687	0.98890391663731	0.980684345965343	0.979205346018705	1.03213121202539	-0.237144455592754	-0.0211803019572623	0.100027280675169	0.157707045741737	0.186989916534571	0.203112873029325	0.209736438724149	0.210928259282686	0.168279079119749	1.18710732508459	1.07789814835861	1.02392495563138	0.996125118425067	0.984954159715608	0.97858581986531	0.979184098081083	1.0326067332506	1.09778288291254	0.043394884197377	0.131398769727458	0.174891915787681	0.197293821603693	0.206295700392646	0.211427491218324	0.210945381479981	0.167895890483724	0.11537508054728
87	1.53265407776852	1.26892565420673	1.11738442039652	1.04617532666805	1.00841710617226	0.990106137600475	0.9810981073087	0.979715531844309	1.03217378053448	-0.235056595615434	-0.0225366710637149	0.0995795996850668	0.156961928909148	0.187388585477284	0.202144088910663	0.209403017971524	0.210517136917867	0.168244776194724	1.19213620556397	1.0793507677369	1.02340936482859	0.998726973991872	0.984364366119019	0.978511203555014	0.978483716380972	1.03205439429211	1.09638959965126	0.0393424681338239	0.1302282073872	0.175307393638076	0.195197171795212	0.206770972981604	0.21148761918034	0.211509769133214	0.168340981051512	0.116497828143344
88	1.53589970838235	1.27048838398949	1.11647063412428	1.04382886993994	1.00784233001313	0.989182266146022	0.980748944235021	0.980401660060687	1.032247532038	-0.237672017813235	-0.023795963524653	0.100315954860624	0.158852771011364	0.187851756584605	0.202888571015187	0.209684383586471	0.20996423513046	0.168185345118801	1.19072710729011	1.07583716400252	1.02485063298795	0.997716092534814	0.984134863640216	0.978506252381253	0.978939942988287	1.03325910836852	1.09643467460141	0.0404779599204191	0.133059570008075	0.174145978435461	0.19601176905433	0.206955912658644	0.211491608978101	0.211142128653452	0.167370187910729	0.116461505456251
89	1.53559951919707	1.2687019355365	1.11755888739995	1.04573067315311	1.0075676337442	0.988719810222729	0.981178690877948	0.97985966945174	1.03378039821902	-0.237430116761593	-0.0223563921454375	0.099439009171891	0.157320243459284	0.188073114713395	0.203261231256352	0.209338081421169	0.21040098670151	0.166950117604307	1.190920377783	1.07633578160455	1.02518524409472	0.997864907477316	0.984471445783559	0.978783791840963	0.979831016941792	1.03358441630091	1.09609825427536	0.0403222170163633	0.132657769649461	0.173876339212642	0.195891849707277	0.206684685118044	0.211267959724673	0.210424075715467	0.167108045452529	0.116732602599835
90	1.53149126429852	1.27357914678765	1.1176945963444	1.04485439014085	1.00811143025162	0.989014691606759	0.98114663243577	0.979306044387845	1.03349225561291	-0.234119567184539	-0.0262865887966752	0.0993296510138115	0.158026377432773	0.187634907897585	0.203023607383129	0.209363915032961	0.210847113649906	0.167182311177086	1.18872448737379	1.0785891241672	1.02405007343311	0.998304459268555	0.983868002607339	0.977699874026696	0.979979576522831	1.03270260909563	1.09649300317256	0.042091728462219	0.130841961611271	0.174791092276039	0.19553764627236	0.20717095692959	0.212141411774312	0.210304362146002	0.16781863097913	0.116414502621395
91	1.53310777574465	1.27101288692935	1.11795116032193	1.04538533433183	1.00896296018815	0.989633260566838	0.980921478239665	0.980087957633517	1.03331831777434	-0.235422198451694	-0.0242186230306003	0.0991229044052656	0.157598527382011	0.186948720662164	0.202525146781308	0.209545350739142	0.210217025539827	0.167322475274037	1.18944985731672	1.076145120318	1.02535754582143	0.996633616034131	0.984938807408366	0.978811100967861	0.97938163987994	1.03262807707862	1.0961746214661	0.0415072045665359	0.132811409980242	0.173737493541527	0.196884059652162	0.206308071721957	0.211245953247291	0.210786196635124	0.167878691015203	0.116671063728161
92	1.53663771446194	1.27007756605977	1.11612565098838	1.04599425964864	1.00807544045331	0.989493683235065	0.980810301832787	0.980837801631165	1.03177463951105	-0.238266724270102	-0.0234649146591215	0.100593952161877	0.157107837904405	0.187663909508855	0.202637622196801	0.209634939875127	0.209612779749201	0.1685664154744	1.19130374028404	1.08005925929479	1.02416867007235	0.998352928414458	0.984315042082551	0.978820490977283	0.979600066478839	1.0334369771943	1.09755182029706	0.0400132925223826	0.129657284578072	0.174695523704089	0.195498588445027	0.206810719704264	0.211238386508496	0.210610182219647	0.16722685611158	0.115561277427179
93	1.53685757777761	1.27164261779882	1.11731982296503	1.0446458775157	1.0087851348618	0.98932023845341	0.981008533039182	0.979761934180623	1.03296026077004	-0.238443896433151	-0.0247260782190064	0.0996316541473091	0.158194402883977	0.187092017408223	0.202777388974358	0.209475199485911	0.210479744584954	0.167611007873262	1.1892325345654	1.07475306331631	1.02381063498031	0.996853500167246	0.985224715474208	0.977768733563293	0.978981138008316	1.03284353756868	1.09686203063208	0.0416823294699875	0.133933169421172	0.174984038645778	0.196706870713827	0.206077678805786	0.212085922785584	0.21110893252529	0.167705066775258	0.116117129714842
94	1.53348643252056	1.26679785340649	1.11540143254115	1.04584738677786	1.0082203103728	0.989812462621273	0.981002618214673	0.979491980903342	1.03201961332604	-0.235727330937454	-0.0208220281768383	0.101177548149315	0.157226192274388	0.187547169174443	0.20238074062829	0.209479965821073	0.210697280675094	0.168369008551109	1.19069095665935	1.07552216262216	1.02420455309436	0.996486180625162	0.9837500554283	0.977785645230836	0.98001648062021	1.03311091257244	1.09686699981158	0.0405070911350913	0.133313407151162	0.174666608136215	0.197002867331543	0.207266002147895	0.212072294879036	0.210274623766328	0.167489608331843	0.116113125407541
95	1.53362164653242	1.27012305302059	1.1166563745981	1.04472065240001	1.00825041070934	0.989066259607297	0.98100741687054	0.98039780503455	1.03254223580043	-0.235836290264674	-0.0235015693562195	0.100166279861818	0.158134147138469	0.187522913460313	0.202982052409889	0.209476098926603	0.209967341621041	0.167947864378154	1.18992336726304	1.0761684262108	1.02439127709143	0.995385016920269	0.984000032965848	0.977394411487557	0.979821021578481	1.03341404832253	1.09786621434445	0.0411256366767072	0.132792629423665	0.174516140586179	0.197890216614273	0.207064563081517	0.212387562245674	0.21043213026578	0.167245332853802	0.115307929690417
96	1.53725141148293	1.26918143771052	1.11701645152921	1.04504739552109	1.007717573469	0.989386879935717	0.980750616213822	0.980195320272887	1.03229852794192	-0.238761258923732	-0.0227427887441405	0.0998761195476594	0.15787084816409	0.187952288984523	0.202723687357366	0.20968303625802	0.210130509647037	0.16814425115742	1.19205818244993	1.07453700041348	1.02430034201946	0.997002513292513	0.984397472068421	0.978164129114872	0.97901180031956	1.03197392267416	1.09674800487847	0.0394053413959679	0.134107279102595	0.174589418674197	0.19658679166542	0.206744295258459	0.211767301714503	0.21108422395583	0.168405827388308	0.116209014936115
97	1.53582034273713	1.26859845461734	1.11572074274425	1.04461969647596	1.00812643228154	0.989410385984259	0.981014609073615	0.980093671977106	1.03441672085488	-0.237608062700973	-0.0222730042540822	0.100920238833335	0.15821550031638	0.187622818831777	0.202704745509554	0.209470303243171	0.210212420757938	0.166437350581553	1.18881482529099	1.07474924152393	1.02298556674021	0.997201878251682	0.984529128265973	0.977821264381894	0.979402311433176	1.03281861143301	1.09665057499507	0.042018931578638	0.133936249131037	0.175648902287584	0.196426137665716	0.206638202920013	0.212043591945946	0.210769538904893	0.167725152969991	0.116287526729383
98	1.53975708439932	1.27421555637777	1.11797124567004	1.0453825052422	1.00847378858487	0.989658727528689	0.980653872182954	0.980093408361071	1.03263820113691	-0.240780401995045	-0.0267994258896564	0.0991067190559322	0.157600807143542	0.187342909164174	0.202504624773334	0.209760995371653	0.210212633187296	0.167870532758785	1.19138420040049	1.07703553379819	1.02416833790766	0.997625828726231	0.985377059422319	0.978192836824448	0.979759526643142	1.03297028163378	1.0973225164954	0.0399484554538385	0.132093889270591	0.174695791371921	0.196084506219064	0.205954915684841	0.211744168219104	0.210481684647678	0.167602932773966	0.115746057004482
99	1.53309570925033	1.2701184589373	1.11685652378751	1.04545687435222	1.00782783979852	0.989578079763405	0.981004297886831	0.980156395805574	1.03328239050424	-0.235412474924635	-0.0234978673121993	0.100004993906903	0.157540878382595	0.187863433214962	0.202569613054695	0.209478612293094	0.210161876098725	0.167351426498287	1.19046748572267	1.07523001442634	1.02614779686497	0.997201102067369	0.984960668203003	0.978499898200995	0.979506066077977	1.03371733497497	1.09663235315403	0.0406871704225691	0.133548828542967	0.173100686594889	0.196426763137289	0.20629045566691	0.211496729358722	0.210685930437564	0.167000935774322	0.116302210411296
100	1.53202265266388	1.26932337963251	1.11779677626976	1.04452630544591	1.00801157155661	0.988688352042572	0.980771980643929	0.980467520759064	1.03302317332437	-0.234547775163751	-0.022857169614223	0.0992473115005502	0.158290757485829	0.187715376896874	0.203286581159799	0.209665820187741	0.209911162691544	0.167560311133335	1.19305494243211	1.07492016489362	1.02322672375106	0.99648854865669	0.984339577706676	0.977960493514996	0.979709058132159	1.03417868670829	1.09706941660608	0.0386021236261587	0.133798514179527	0.175454571054501	0.197000959103849	0.20679094819493	0.211931397118924	0.210522353620713	0.166629165321097	0.115950012151437
