"simulation"	"type"	"leaf.size"	"centered.scaled"	"batch"	"num.obs"	"min.node.size"
1	"Dishonest"	18	2.41801602195541	1	100	10
1	"Honest"	10	2.22580388736552	1	100	10
2	"Dishonest"	15	2.7297865404638	1	100	10
2	"Honest"	18	-1.33659438431378	1	100	10
3	"Dishonest"	17	-1.23275121634237	1	100	10
3	"Honest"	14	-1.64702567654134	1	100	10
4	"Dishonest"	17	4.23601669598216	1	100	10
4	"Honest"	16	-0.477316324283528	1	100	10
5	"Dishonest"	10	0.0749245866934853	1	100	10
5	"Honest"	16	4.70092613970746	1	100	10
6	"Dishonest"	14	-1.25138874143668	1	100	10
6	"Honest"	16	0.594066798237588	1	100	10
7	"Dishonest"	13	-0.8228372240759	1	100	10
7	"Honest"	14	-1.31412902784733	1	100	10
8	"Dishonest"	10	0.387656746142541	1	100	10
8	"Honest"	14	-1.41197034581945	1	100	10
9	"Dishonest"	10	-3.7247864171679	1	100	10
9	"Honest"	12	-1.48399477330283	1	100	10
10	"Dishonest"	10	1.04667563160772	1	100	10
10	"Honest"	18	-0.181757449633515	1	100	10
1	"Dishonest"	25	-3.08415982025806	1	250	15.8113883008419
1	"Honest"	27	5.27633587289412	1	250	15.8113883008419
2	"Dishonest"	17	1.04106070328978	1	250	15.8113883008419
2	"Honest"	20	1.46625512901983	1	250	15.8113883008419
3	"Dishonest"	25	0.236297711874378	1	250	15.8113883008419
3	"Honest"	16	-2.35341365087183	1	250	15.8113883008419
4	"Dishonest"	28	0.131369933938096	1	250	15.8113883008419
4	"Honest"	24	-1.75148800168987	1	250	15.8113883008419
5	"Dishonest"	21	-0.0253446343370039	1	250	15.8113883008419
5	"Honest"	16	0.497110302959058	1	250	15.8113883008419
6	"Dishonest"	20	-1.61841889648933	1	250	15.8113883008419
6	"Honest"	16	2.98587408550748	1	250	15.8113883008419
7	"Dishonest"	29	3.30116621658546	1	250	15.8113883008419
7	"Honest"	24	4.59399584247741	1	250	15.8113883008419
8	"Dishonest"	29	2.1070393552601	1	250	15.8113883008419
8	"Honest"	21	1.19132231088519	1	250	15.8113883008419
9	"Dishonest"	29	1.56410042713939	1	250	15.8113883008419
9	"Honest"	16	2.55661754743705	1	250	15.8113883008419
10	"Dishonest"	24	1.2542267114694	1	250	15.8113883008419
10	"Honest"	15	2.96591388293292	1	250	15.8113883008419
1	"Dishonest"	27	0.477036286217887	1	500	22.3606797749979
1	"Honest"	42	-3.2862211709368	1	500	22.3606797749979
2	"Dishonest"	26	-0.0347547381665654	1	500	22.3606797749979
2	"Honest"	39	-2.91497726868763	1	500	22.3606797749979
3	"Dishonest"	34	-0.138899480333308	1	500	22.3606797749979
3	"Honest"	22	1.56495388331969	1	500	22.3606797749979
4	"Dishonest"	22	-0.528248677181587	1	500	22.3606797749979
4	"Honest"	33	2.45127064452988	1	500	22.3606797749979
5	"Dishonest"	44	-0.73492556649329	1	500	22.3606797749979
5	"Honest"	33	-2.31281021542386	1	500	22.3606797749979
6	"Dishonest"	44	-1.82370319107307	1	500	22.3606797749979
6	"Honest"	26	1.19648960135968	1	500	22.3606797749979
7	"Dishonest"	32	-0.356367050259129	1	500	22.3606797749979
7	"Honest"	23	-1.59899199526391	1	500	22.3606797749979
8	"Dishonest"	38	1.63434458054275	1	500	22.3606797749979
8	"Honest"	39	0.214211337080658	1	500	22.3606797749979
9	"Dishonest"	23	-0.598744881341744	1	500	22.3606797749979
9	"Honest"	43	7.72533519849814	1	500	22.3606797749979
10	"Dishonest"	23	0.210956556339343	1	500	22.3606797749979
10	"Honest"	26	0.626932973388456	1	500	22.3606797749979
1	"Dishonest"	58	2.80207259994159	1	1000	31.6227766016838
1	"Honest"	42	2.54537882642678	1	1000	31.6227766016838
2	"Dishonest"	33	1.29421094880037	1	1000	31.6227766016838
2	"Honest"	47	3.31757736403836	1	1000	31.6227766016838
3	"Dishonest"	45	-0.881407221698333	1	1000	31.6227766016838
3	"Honest"	35	-2.03816401282037	1	1000	31.6227766016838
4	"Dishonest"	46	1.56132347036449	1	1000	31.6227766016838
4	"Honest"	48	-1.87569415797547	1	1000	31.6227766016838
5	"Dishonest"	37	3.69472665216254	1	1000	31.6227766016838
5	"Honest"	51	6.01305027987708	1	1000	31.6227766016838
6	"Dishonest"	54	0.797797143351003	1	1000	31.6227766016838
6	"Honest"	42	2.99466655439384	1	1000	31.6227766016838
7	"Dishonest"	41	-2.8937378659492	1	1000	31.6227766016838
7	"Honest"	31	0.193238035072287	1	1000	31.6227766016838
8	"Dishonest"	55	-2.87263323921667	1	1000	31.6227766016838
8	"Honest"	57	-1.87642502179824	1	1000	31.6227766016838
9	"Dishonest"	61	-0.572361420327017	1	1000	31.6227766016838
9	"Honest"	32	3.27146808093821	1	1000	31.6227766016838
10	"Dishonest"	32	1.77859759349046	1	1000	31.6227766016838
10	"Honest"	33	-3.48341467604853	1	1000	31.6227766016838
1	"Dishonest"	57	-3.21214233944027	1	2000	44.7213595499958
1	"Honest"	49	0.14268395612616	1	2000	44.7213595499958
2	"Dishonest"	89	-1.09637286169296	1	2000	44.7213595499958
2	"Honest"	68	-1.91971163085449	1	2000	44.7213595499958
3	"Dishonest"	69	3.93201707269704	1	2000	44.7213595499958
3	"Honest"	84	3.13393743252208	1	2000	44.7213595499958
4	"Dishonest"	55	-2.70498997635784	1	2000	44.7213595499958
4	"Honest"	82	-2.98767359845307	1	2000	44.7213595499958
5	"Dishonest"	76	4.28790556451183	1	2000	44.7213595499958
5	"Honest"	82	-1.53854871065435	1	2000	44.7213595499958
6	"Dishonest"	74	-0.470796063553714	1	2000	44.7213595499958
6	"Honest"	84	-0.147165226878645	1	2000	44.7213595499958
7	"Dishonest"	86	-0.257248499782242	1	2000	44.7213595499958
7	"Honest"	77	-4.01226223792214	1	2000	44.7213595499958
8	"Dishonest"	62	0.244575707603126	1	2000	44.7213595499958
8	"Honest"	66	1.55183614471982	1	2000	44.7213595499958
9	"Dishonest"	88	0.468743455680556	1	2000	44.7213595499958
9	"Honest"	46	-2.97173526982004	1	2000	44.7213595499958
10	"Dishonest"	71	1.99440917721832	1	2000	44.7213595499958
10	"Honest"	44	1.92108566772313	1	2000	44.7213595499958
1	"Dishonest"	71	2.32261721341782	1	5000	70.7106781186548
1	"Honest"	99	1.3682339619485	1	5000	70.7106781186548
2	"Dishonest"	115	-0.646128905989976	1	5000	70.7106781186548
2	"Honest"	85	-1.367169224624	1	5000	70.7106781186548
3	"Dishonest"	91	-0.527890757742737	1	5000	70.7106781186548
3	"Honest"	73	-0.48616186959972	1	5000	70.7106781186548
4	"Dishonest"	126	-1.64995816710401	1	5000	70.7106781186548
4	"Honest"	82	1.15919391585579	1	5000	70.7106781186548
5	"Dishonest"	104	-2.1358393172457	1	5000	70.7106781186548
5	"Honest"	108	-2.37489797131044	1	5000	70.7106781186548
6	"Dishonest"	83	-1.17863161176203	1	5000	70.7106781186548
6	"Honest"	137	-5.48299557340796	1	5000	70.7106781186548
7	"Dishonest"	111	0.575528379814442	1	5000	70.7106781186548
7	"Honest"	83	-0.480748419979935	1	5000	70.7106781186548
8	"Dishonest"	77	1.19577031686071	1	5000	70.7106781186548
8	"Honest"	90	2.246081493317	1	5000	70.7106781186548
9	"Dishonest"	81	-0.767793996022063	1	5000	70.7106781186548
9	"Honest"	98	2.27668337583308	1	5000	70.7106781186548
10	"Dishonest"	113	2.42637190797138	1	5000	70.7106781186548
10	"Honest"	88	-1.11307333924228	1	5000	70.7106781186548
1	"Dishonest"	11	1.27505293063475	2	100	10
1	"Honest"	17	1.5045812485057	2	100	10
2	"Dishonest"	10	1.4291848018617	2	100	10
2	"Honest"	16	-0.852533983078564	2	100	10
3	"Dishonest"	17	1.62039023239527	2	100	10
3	"Honest"	13	-3.48738710270991	2	100	10
4	"Dishonest"	13	0.845250164371042	2	100	10
4	"Honest"	16	-1.21627340564128	2	100	10
5	"Dishonest"	11	-1.49973663859728	2	100	10
5	"Honest"	18	-1.59486109194383	2	100	10
6	"Dishonest"	10	-0.209722732672226	2	100	10
6	"Honest"	14	-0.885072277417394	2	100	10
7	"Dishonest"	13	-0.231437987803784	2	100	10
7	"Honest"	15	-0.476349410994529	2	100	10
8	"Dishonest"	10	1.53879479279925	2	100	10
8	"Honest"	12	2.39729992730418	2	100	10
9	"Dishonest"	13	2.33508268337043	2	100	10
9	"Honest"	13	-2.58950225017469	2	100	10
10	"Dishonest"	10	0.473538277804951	2	100	10
10	"Honest"	13	2.27971004644455	2	100	10
1	"Dishonest"	16	3.17057564823451	2	250	15.8113883008419
1	"Honest"	29	8.04524325425277	2	250	15.8113883008419
2	"Dishonest"	24	0.296500251386383	2	250	15.8113883008419
2	"Honest"	15	0.114355528864343	2	250	15.8113883008419
3	"Dishonest"	17	0.201807448162133	2	250	15.8113883008419
3	"Honest"	20	3.663793208832	2	250	15.8113883008419
4	"Dishonest"	22	-0.885886062013486	2	250	15.8113883008419
4	"Honest"	20	0.752526156211337	2	250	15.8113883008419
5	"Dishonest"	16	-0.359859012067705	2	250	15.8113883008419
5	"Honest"	27	2.33428950482549	2	250	15.8113883008419
6	"Dishonest"	17	-1.39356586085966	2	250	15.8113883008419
6	"Honest"	27	0.243992173218197	2	250	15.8113883008419
7	"Dishonest"	22	-1.41356610184161	2	250	15.8113883008419
7	"Honest"	24	4.02640044710106	2	250	15.8113883008419
8	"Dishonest"	27	-0.186580014658263	2	250	15.8113883008419
8	"Honest"	27	-3.24177936236485	2	250	15.8113883008419
9	"Dishonest"	21	0.0398603391795835	2	250	15.8113883008419
9	"Honest"	27	3.10125780720044	2	250	15.8113883008419
10	"Dishonest"	17	0.532583163143738	2	250	15.8113883008419
10	"Honest"	21	2.88637575586259	2	250	15.8113883008419
1	"Dishonest"	22	-1.44692094866786	2	500	22.3606797749979
1	"Honest"	22	-0.332214736815279	2	500	22.3606797749979
2	"Dishonest"	37	1.78834587797919	2	500	22.3606797749979
2	"Honest"	40	2.73798148849354	2	500	22.3606797749979
3	"Dishonest"	22	1.03855229720801	2	500	22.3606797749979
3	"Honest"	45	-3.27840283184485	2	500	22.3606797749979
4	"Dishonest"	43	-4.9598307673984	2	500	22.3606797749979
4	"Honest"	38	-4.22078156594573	2	500	22.3606797749979
5	"Dishonest"	33	-0.77213235743113	2	500	22.3606797749979
5	"Honest"	33	0.766255154410181	2	500	22.3606797749979
6	"Dishonest"	27	1.39105970493334	2	500	22.3606797749979
6	"Honest"	32	-0.493218326488034	2	500	22.3606797749979
7	"Dishonest"	23	1.59505654302569	2	500	22.3606797749979
7	"Honest"	29	1.50461380938496	2	500	22.3606797749979
8	"Dishonest"	29	0.654170547402068	2	500	22.3606797749979
8	"Honest"	39	-1.68560482302049	2	500	22.3606797749979
9	"Dishonest"	43	-1.37704512191201	2	500	22.3606797749979
9	"Honest"	25	-0.08952750359696	2	500	22.3606797749979
10	"Dishonest"	26	1.78692116538398	2	500	22.3606797749979
10	"Honest"	27	1.35703299996978	2	500	22.3606797749979
1	"Dishonest"	56	2.48004014746128	2	1000	31.6227766016838
1	"Honest"	45	-0.691739431903448	2	1000	31.6227766016838
2	"Dishonest"	32	-3.92873926771764	2	1000	31.6227766016838
2	"Honest"	54	-3.85470043080493	2	1000	31.6227766016838
3	"Dishonest"	38	0.582948012687003	2	1000	31.6227766016838
3	"Honest"	57	-0.551160077725201	2	1000	31.6227766016838
4	"Dishonest"	34	0.457292887344968	2	1000	31.6227766016838
4	"Honest"	32	1.38736821770777	2	1000	31.6227766016838
5	"Dishonest"	33	-1.04056342605909	2	1000	31.6227766016838
5	"Honest"	52	2.11919903615141	2	1000	31.6227766016838
6	"Dishonest"	43	-1.67584368382334	2	1000	31.6227766016838
6	"Honest"	47	5.82726358991307	2	1000	31.6227766016838
7	"Dishonest"	51	1.58675918464467	2	1000	31.6227766016838
7	"Honest"	63	5.17788160803436	2	1000	31.6227766016838
8	"Dishonest"	34	1.49262427670094	2	1000	31.6227766016838
8	"Honest"	32	0.71063826132698	2	1000	31.6227766016838
9	"Dishonest"	61	0.926637148757379	2	1000	31.6227766016838
9	"Honest"	39	3.04305447685025	2	1000	31.6227766016838
10	"Dishonest"	32	-0.49050969623143	2	1000	31.6227766016838
10	"Honest"	65	3.22488899414631	2	1000	31.6227766016838
1	"Dishonest"	47	-0.865043851143874	2	2000	44.7213595499958
1	"Honest"	49	0.359752307109844	2	2000	44.7213595499958
2	"Dishonest"	47	-3.66832988836866	2	2000	44.7213595499958
2	"Honest"	58	1.51912055126966	2	2000	44.7213595499958
3	"Dishonest"	49	0.524767305336134	2	2000	44.7213595499958
3	"Honest"	86	-0.273431887898096	2	2000	44.7213595499958
4	"Dishonest"	58	1.16562741109345	2	2000	44.7213595499958
4	"Honest"	68	-2.655521371555	2	2000	44.7213595499958
5	"Dishonest"	64	0.169064614743085	2	2000	44.7213595499958
5	"Honest"	50	-0.843733487592086	2	2000	44.7213595499958
6	"Dishonest"	44	0.502002952453086	2	2000	44.7213595499958
6	"Honest"	72	0.857411914353823	2	2000	44.7213595499958
7	"Dishonest"	53	0.450070814074726	2	2000	44.7213595499958
7	"Honest"	84	-3.43336738405098	2	2000	44.7213595499958
8	"Dishonest"	45	-1.69392625984073	2	2000	44.7213595499958
8	"Honest"	53	1.72023343719602	2	2000	44.7213595499958
9	"Dishonest"	51	-0.0484032991981689	2	2000	44.7213595499958
9	"Honest"	59	3.05870183355791	2	2000	44.7213595499958
10	"Dishonest"	48	-1.25670815599217	2	2000	44.7213595499958
10	"Honest"	86	4.00181903888733	2	2000	44.7213595499958
1	"Dishonest"	128	-2.04757642610102	2	5000	70.7106781186548
1	"Honest"	89	4.01508431496188	2	5000	70.7106781186548
2	"Dishonest"	118	-0.393690880142697	2	5000	70.7106781186548
2	"Honest"	85	-1.35966009039266	2	5000	70.7106781186548
3	"Dishonest"	81	0.62696698630604	2	5000	70.7106781186548
3	"Honest"	133	4.13632047199453	2	5000	70.7106781186548
4	"Dishonest"	86	-0.631959059138246	2	5000	70.7106781186548
4	"Honest"	77	1.78366835471682	2	5000	70.7106781186548
5	"Dishonest"	77	-0.547079885301323	2	5000	70.7106781186548
5	"Honest"	109	1.5947254116226	2	5000	70.7106781186548
6	"Dishonest"	109	-0.651429954277654	2	5000	70.7106781186548
6	"Honest"	130	2.11687144879059	2	5000	70.7106781186548
7	"Dishonest"	75	2.30040998255625	2	5000	70.7106781186548
7	"Honest"	92	2.78787248476686	2	5000	70.7106781186548
8	"Dishonest"	73	-0.742003860044192	2	5000	70.7106781186548
8	"Honest"	140	-1.84124198188063	2	5000	70.7106781186548
9	"Dishonest"	78	0.570450557626178	2	5000	70.7106781186548
9	"Honest"	78	-0.288673684431818	2	5000	70.7106781186548
10	"Dishonest"	96	-0.785171822215852	2	5000	70.7106781186548
10	"Honest"	94	-1.11642643483525	2	5000	70.7106781186548
1	"Dishonest"	12	-0.632864306657161	3	100	10
1	"Honest"	14	0.588809887180883	3	100	10
2	"Dishonest"	11	2.92571128006755	3	100	10
2	"Honest"	19	3.99652090587723	3	100	10
3	"Dishonest"	11	1.12583770741703	3	100	10
3	"Honest"	15	-3.6857921199376	3	100	10
4	"Dishonest"	12	-0.300032733332907	3	100	10
4	"Honest"	18	-4.15927501214258	3	100	10
5	"Dishonest"	10	-0.689260769511599	3	100	10
5	"Honest"	13	0.720084341677875	3	100	10
6	"Dishonest"	13	-1.41305194559542	3	100	10
6	"Honest"	22	-2.16768645857814	3	100	10
7	"Dishonest"	14	1.14084369842166	3	100	10
7	"Honest"	18	4.56167146002368	3	100	10
8	"Dishonest"	12	1.41819465359839	3	100	10
8	"Honest"	13	-0.509010531899352	3	100	10
9	"Dishonest"	10	0.52497155941327	3	100	10
9	"Honest"	15	3.28577110561615	3	100	10
10	"Dishonest"	12	1.13097850116144	3	100	10
10	"Honest"	16	-0.582077251629622	3	100	10
1	"Dishonest"	28	-0.178387622477987	3	250	15.8113883008419
1	"Honest"	16	2.73266724419612	3	250	15.8113883008419
2	"Dishonest"	17	-1.09468817445824	3	250	15.8113883008419
2	"Honest"	35	0.142341613039821	3	250	15.8113883008419
3	"Dishonest"	20	-2.67698354712929	3	250	15.8113883008419
3	"Honest"	29	-0.248306852217825	3	250	15.8113883008419
4	"Dishonest"	27	-1.31350885039979	3	250	15.8113883008419
4	"Honest"	27	1.7968046627234	3	250	15.8113883008419
5	"Dishonest"	21	0.604675727743497	3	250	15.8113883008419
5	"Honest"	20	0.496659458988187	3	250	15.8113883008419
6	"Dishonest"	17	-0.878893124010437	3	250	15.8113883008419
6	"Honest"	16	-3.77394261444518	3	250	15.8113883008419
7	"Dishonest"	19	0.679675959516464	3	250	15.8113883008419
7	"Honest"	30	-3.53634190420732	3	250	15.8113883008419
8	"Dishonest"	29	1.78576380880599	3	250	15.8113883008419
8	"Honest"	15	3.02888910508552	3	250	15.8113883008419
9	"Dishonest"	17	0.873965582246536	3	250	15.8113883008419
9	"Honest"	16	1.42379404210718	3	250	15.8113883008419
10	"Dishonest"	24	3.26680304572623	3	250	15.8113883008419
10	"Honest"	24	1.93095757049429	3	250	15.8113883008419
1	"Dishonest"	26	-2.70781650758511	3	500	22.3606797749979
1	"Honest"	22	-1.2509527731378	3	500	22.3606797749979
2	"Dishonest"	30	0.95234818131898	3	500	22.3606797749979
2	"Honest"	26	-0.868239049554698	3	500	22.3606797749979
3	"Dishonest"	44	-0.26045218417777	3	500	22.3606797749979
3	"Honest"	25	2.04934886181831	3	500	22.3606797749979
4	"Dishonest"	26	-0.890904621938692	3	500	22.3606797749979
4	"Honest"	40	2.70388415828809	3	500	22.3606797749979
5	"Dishonest"	43	2.51880414249449	3	500	22.3606797749979
5	"Honest"	46	-2.43908385411946	3	500	22.3606797749979
6	"Dishonest"	23	-2.3626862394758	3	500	22.3606797749979
6	"Honest"	25	2.74421887038458	3	500	22.3606797749979
7	"Dishonest"	24	2.93908199412205	3	500	22.3606797749979
7	"Honest"	26	0.472732886204948	3	500	22.3606797749979
8	"Dishonest"	24	0.576567679210838	3	500	22.3606797749979
8	"Honest"	43	6.10965327700393	3	500	22.3606797749979
9	"Dishonest"	23	-0.415370965101529	3	500	22.3606797749979
9	"Honest"	22	-2.16932060955572	3	500	22.3606797749979
10	"Dishonest"	25	-2.11894449634898	3	500	22.3606797749979
10	"Honest"	22	1.19004729647651	3	500	22.3606797749979
1	"Dishonest"	36	1.39528011253359	3	1000	31.6227766016838
1	"Honest"	32	0.0696118607128864	3	1000	31.6227766016838
2	"Dishonest"	38	1.04150534502008	3	1000	31.6227766016838
2	"Honest"	52	-0.0772387541732166	3	1000	31.6227766016838
3	"Dishonest"	52	-0.895223893706067	3	1000	31.6227766016838
3	"Honest"	55	-5.20894914180257	3	1000	31.6227766016838
4	"Dishonest"	48	0.505240005494154	3	1000	31.6227766016838
4	"Honest"	53	-2.73204428230093	3	1000	31.6227766016838
5	"Dishonest"	36	-2.06551264413176	3	1000	31.6227766016838
5	"Honest"	50	-0.0985955991885728	3	1000	31.6227766016838
6	"Dishonest"	52	-0.393367864448311	3	1000	31.6227766016838
6	"Honest"	42	-1.09795530693939	3	1000	31.6227766016838
7	"Dishonest"	48	0.388215962129897	3	1000	31.6227766016838
7	"Honest"	61	-1.45524756373674	3	1000	31.6227766016838
8	"Dishonest"	45	-1.09252409864689	3	1000	31.6227766016838
8	"Honest"	44	1.97961934250455	3	1000	31.6227766016838
9	"Dishonest"	40	2.35826630249893	3	1000	31.6227766016838
9	"Honest"	34	2.42468128025275	3	1000	31.6227766016838
10	"Dishonest"	39	1.03969079711163	3	1000	31.6227766016838
10	"Honest"	39	1.17796583599306	3	1000	31.6227766016838
1	"Dishonest"	54	-1.4586638291908	3	2000	44.7213595499958
1	"Honest"	55	-1.37759833407726	3	2000	44.7213595499958
2	"Dishonest"	77	-2.19527873828657	3	2000	44.7213595499958
2	"Honest"	50	0.374570754254226	3	2000	44.7213595499958
3	"Dishonest"	57	0.958030223979486	3	2000	44.7213595499958
3	"Honest"	45	1.33030122495144	3	2000	44.7213595499958
4	"Dishonest"	54	0.103666263487171	3	2000	44.7213595499958
4	"Honest"	73	-5.9241000310167	3	2000	44.7213595499958
5	"Dishonest"	51	-1.27909285109473	3	2000	44.7213595499958
5	"Honest"	66	-0.247484913586368	3	2000	44.7213595499958
6	"Dishonest"	69	1.58436164964177	3	2000	44.7213595499958
6	"Honest"	50	2.01039579976409	3	2000	44.7213595499958
7	"Dishonest"	46	0.628587203968404	3	2000	44.7213595499958
7	"Honest"	44	2.10233188513348	3	2000	44.7213595499958
8	"Dishonest"	47	-0.258972055492847	3	2000	44.7213595499958
8	"Honest"	54	1.82453442614231	3	2000	44.7213595499958
9	"Dishonest"	57	1.42701917592728	3	2000	44.7213595499958
9	"Honest"	57	-1.03931474867262	3	2000	44.7213595499958
10	"Dishonest"	78	0.628435242696658	3	2000	44.7213595499958
10	"Honest"	46	1.05602651154695	3	2000	44.7213595499958
1	"Dishonest"	93	1.60058441798871	3	5000	70.7106781186548
1	"Honest"	99	1.85973166190477	3	5000	70.7106781186548
2	"Dishonest"	121	0.47417265906184	3	5000	70.7106781186548
2	"Honest"	80	1.90174463892486	3	5000	70.7106781186548
3	"Dishonest"	90	-1.2756164353427	3	5000	70.7106781186548
3	"Honest"	115	-1.84873441232808	3	5000	70.7106781186548
4	"Dishonest"	116	3.64058592781484	3	5000	70.7106781186548
4	"Honest"	84	-0.917484798470957	3	5000	70.7106781186548
5	"Dishonest"	77	-1.4916694729824	3	5000	70.7106781186548
5	"Honest"	116	1.03564759768723	3	5000	70.7106781186548
6	"Dishonest"	74	-3.22952592089289	3	5000	70.7106781186548
6	"Honest"	71	-1.91700140200476	3	5000	70.7106781186548
7	"Dishonest"	96	1.51067552414283	3	5000	70.7106781186548
7	"Honest"	75	-0.309997457500079	3	5000	70.7106781186548
8	"Dishonest"	73	1.49120064936092	3	5000	70.7106781186548
8	"Honest"	85	1.48345561263267	3	5000	70.7106781186548
9	"Dishonest"	70	-0.341685050004768	3	5000	70.7106781186548
9	"Honest"	105	1.80054985434731	3	5000	70.7106781186548
10	"Dishonest"	82	-0.133995744617942	3	5000	70.7106781186548
10	"Honest"	148	-5.42004997519415	3	5000	70.7106781186548
1	"Dishonest"	20	-0.626870755738607	4	100	10
1	"Honest"	11	2.0880646590186	4	100	10
2	"Dishonest"	11	-0.398494236445004	4	100	10
2	"Honest"	12	0.42825955636161	4	100	10
3	"Dishonest"	13	-0.655214444519148	4	100	10
3	"Honest"	19	-1.06773296039822	4	100	10
4	"Dishonest"	14	-1.55961846607689	4	100	10
4	"Honest"	15	2.68486140377025	4	100	10
5	"Dishonest"	10	2.52398214245158	4	100	10
5	"Honest"	10	-2.49077190668055	4	100	10
6	"Dishonest"	15	1.8294932969735	4	100	10
6	"Honest"	11	-2.80508656134178	4	100	10
7	"Dishonest"	22	0.838802520919846	4	100	10
7	"Honest"	11	0.941189353990098	4	100	10
8	"Dishonest"	11	-0.929088461725802	4	100	10
8	"Honest"	15	0.665808254023487	4	100	10
9	"Dishonest"	10	1.25004675027827	4	100	10
9	"Honest"	10	0.386365479218869	4	100	10
10	"Dishonest"	11	-1.95965524890232	4	100	10
10	"Honest"	17	-4.34647726512557	4	100	10
1	"Dishonest"	15	1.76409328410043	4	250	15.8113883008419
1	"Honest"	18	2.36571726876203	4	250	15.8113883008419
2	"Dishonest"	18	1.75550172982312	4	250	15.8113883008419
2	"Honest"	22	3.63327477853609	4	250	15.8113883008419
3	"Dishonest"	20	-0.28211133008799	4	250	15.8113883008419
3	"Honest"	20	-1.55474628501402	4	250	15.8113883008419
4	"Dishonest"	21	0.217407748431483	4	250	15.8113883008419
4	"Honest"	20	1.07508501938566	4	250	15.8113883008419
5	"Dishonest"	17	0.00336715749546442	4	250	15.8113883008419
5	"Honest"	28	-3.30776958556702	4	250	15.8113883008419
6	"Dishonest"	17	2.01126861460648	4	250	15.8113883008419
6	"Honest"	16	2.88513262033297	4	250	15.8113883008419
7	"Dishonest"	29	1.14843704697157	4	250	15.8113883008419
7	"Honest"	19	0.277726864567793	4	250	15.8113883008419
8	"Dishonest"	18	1.94112670237353	4	250	15.8113883008419
8	"Honest"	15	1.87343932171144	4	250	15.8113883008419
9	"Dishonest"	17	-3.98478639895354	4	250	15.8113883008419
9	"Honest"	24	-4.39177030374263	4	250	15.8113883008419
10	"Dishonest"	23	-0.451147310663002	4	250	15.8113883008419
10	"Honest"	15	2.58203550877772	4	250	15.8113883008419
1	"Dishonest"	24	-3.77908817400376	4	500	22.3606797749979
1	"Honest"	22	-3.38263953484159	4	500	22.3606797749979
2	"Dishonest"	35	-1.51117003818959	4	500	22.3606797749979
2	"Honest"	44	-6.39016399555471	4	500	22.3606797749979
3	"Dishonest"	24	4.33833427433984	4	500	22.3606797749979
3	"Honest"	38	3.8605176409573	4	500	22.3606797749979
4	"Dishonest"	22	-0.818835867969057	4	500	22.3606797749979
4	"Honest"	41	0.87409950458663	4	500	22.3606797749979
5	"Dishonest"	35	-1.04474744025561	4	500	22.3606797749979
5	"Honest"	24	0.75748998417753	4	500	22.3606797749979
6	"Dishonest"	26	-0.611340925247082	4	500	22.3606797749979
6	"Honest"	43	0.73743640053867	4	500	22.3606797749979
7	"Dishonest"	37	3.44464523917207	4	500	22.3606797749979
7	"Honest"	32	1.71848848962868	4	500	22.3606797749979
8	"Dishonest"	34	0.851345466738977	4	500	22.3606797749979
8	"Honest"	29	0.527361982907379	4	500	22.3606797749979
9	"Dishonest"	22	1.6624671061443	4	500	22.3606797749979
9	"Honest"	31	2.58350219652819	4	500	22.3606797749979
10	"Dishonest"	38	-2.04238482295276	4	500	22.3606797749979
10	"Honest"	32	1.75973711614336	4	500	22.3606797749979
1	"Dishonest"	49	1.79758411160356	4	1000	31.6227766016838
1	"Honest"	38	1.36975131585832	4	1000	31.6227766016838
2	"Dishonest"	31	-1.24014488040085	4	1000	31.6227766016838
2	"Honest"	61	-1.75183128389253	4	1000	31.6227766016838
3	"Dishonest"	47	1.11380867060493	4	1000	31.6227766016838
3	"Honest"	46	-2.85438575820505	4	1000	31.6227766016838
4	"Dishonest"	61	-1.08822189015313	4	1000	31.6227766016838
4	"Honest"	45	3.03712069946392	4	1000	31.6227766016838
5	"Dishonest"	55	0.74944659429409	4	1000	31.6227766016838
5	"Honest"	54	-0.699640471519054	4	1000	31.6227766016838
6	"Dishonest"	39	-0.666656817104883	4	1000	31.6227766016838
6	"Honest"	64	1.73372769504504	4	1000	31.6227766016838
7	"Dishonest"	41	-2.40871072551156	4	1000	31.6227766016838
7	"Honest"	33	-5.06658020743433	4	1000	31.6227766016838
8	"Dishonest"	41	3.72198238114027	4	1000	31.6227766016838
8	"Honest"	32	0.516192684066533	4	1000	31.6227766016838
9	"Dishonest"	45	0.896209618961051	4	1000	31.6227766016838
9	"Honest"	47	-2.10676535017981	4	1000	31.6227766016838
10	"Dishonest"	32	3.65941566735501	4	1000	31.6227766016838
10	"Honest"	59	-2.63732803445988	4	1000	31.6227766016838
1	"Dishonest"	49	0.41787345427366	4	2000	44.7213595499958
1	"Honest"	65	-4.1830776001105	4	2000	44.7213595499958
2	"Dishonest"	65	0.362554014479987	4	2000	44.7213595499958
2	"Honest"	55	-0.299308359759031	4	2000	44.7213595499958
3	"Dishonest"	44	-1.07054653365547	4	2000	44.7213595499958
3	"Honest"	79	-1.1579828255134	4	2000	44.7213595499958
4	"Dishonest"	92	-2.18840608366505	4	2000	44.7213595499958
4	"Honest"	47	-1.78950693390864	4	2000	44.7213595499958
5	"Dishonest"	77	-2.17117855358004	4	2000	44.7213595499958
5	"Honest"	45	-1.31535781791077	4	2000	44.7213595499958
6	"Dishonest"	55	1.76497964872313	4	2000	44.7213595499958
6	"Honest"	69	-0.289411005454807	4	2000	44.7213595499958
7	"Dishonest"	59	-1.92950044746925	4	2000	44.7213595499958
7	"Honest"	74	0.317529064262212	4	2000	44.7213595499958
8	"Dishonest"	48	0.737329171896173	4	2000	44.7213595499958
8	"Honest"	50	-2.64510665618971	4	2000	44.7213595499958
9	"Dishonest"	56	0.370351532757175	4	2000	44.7213595499958
9	"Honest"	87	-2.96477271712639	4	2000	44.7213595499958
10	"Dishonest"	78	0.665527882448999	4	2000	44.7213595499958
10	"Honest"	50	0.193944368307089	4	2000	44.7213595499958
1	"Dishonest"	111	2.87376391200634	4	5000	70.7106781186548
1	"Honest"	112	4.59658420129555	4	5000	70.7106781186548
2	"Dishonest"	104	2.1348529001804	4	5000	70.7106781186548
2	"Honest"	138	-0.844117983224826	4	5000	70.7106781186548
3	"Dishonest"	111	-1.29260289909975	4	5000	70.7106781186548
3	"Honest"	96	2.93930838230718	4	5000	70.7106781186548
4	"Dishonest"	111	-1.29954306947034	4	5000	70.7106781186548
4	"Honest"	131	1.42611656504563	4	5000	70.7106781186548
5	"Dishonest"	90	2.40982985868655	4	5000	70.7106781186548
5	"Honest"	125	-3.32413106272059	4	5000	70.7106781186548
6	"Dishonest"	103	-0.649410258945654	4	5000	70.7106781186548
6	"Honest"	126	1.14269855296855	4	5000	70.7106781186548
7	"Dishonest"	81	0.479936184093712	4	5000	70.7106781186548
7	"Honest"	77	-2.44808732805338	4	5000	70.7106781186548
8	"Dishonest"	90	-1.0003239152403	4	5000	70.7106781186548
8	"Honest"	78	-1.53642981561233	4	5000	70.7106781186548
9	"Dishonest"	73	-0.0837182323140212	4	5000	70.7106781186548
9	"Honest"	104	-4.20593936297592	4	5000	70.7106781186548
10	"Dishonest"	70	-1.04358163275038	4	5000	70.7106781186548
10	"Honest"	83	3.88705892724772	4	5000	70.7106781186548
1	"Dishonest"	10	2.22690576202128	5	100	10
1	"Honest"	14	1.20354341896443	5	100	10
2	"Dishonest"	19	-2.32752937811486	5	100	10
2	"Honest"	13	-3.86298495359451	5	100	10
3	"Dishonest"	10	-1.60622252488159	5	100	10
3	"Honest"	10	-0.65249828684575	5	100	10
4	"Dishonest"	13	-1.08423398918184	5	100	10
4	"Honest"	20	1.23531253095772	5	100	10
5	"Dishonest"	12	-1.90704833448278	5	100	10
5	"Honest"	16	3.55169573874117	5	100	10
6	"Dishonest"	17	-0.905908669850402	5	100	10
6	"Honest"	14	-0.797499722307721	5	100	10
7	"Dishonest"	10	-1.60510290821392	5	100	10
7	"Honest"	12	2.17940508120324	5	100	10
8	"Dishonest"	15	-1.03627532507377	5	100	10
8	"Honest"	13	-0.0868998657536373	5	100	10
9	"Dishonest"	10	1.22710834762277	5	100	10
9	"Honest"	11	-0.751845314656187	5	100	10
10	"Dishonest"	15	1.91411583151177	5	100	10
10	"Honest"	10	-1.80735928046186	5	100	10
1	"Dishonest"	27	1.58103748447913	5	250	15.8113883008419
1	"Honest"	19	-0.155944050033926	5	250	15.8113883008419
2	"Dishonest"	28	0.551673975793266	5	250	15.8113883008419
2	"Honest"	22	-0.969323628428643	5	250	15.8113883008419
3	"Dishonest"	29	-2.3182459274573	5	250	15.8113883008419
3	"Honest"	27	0.728245484919535	5	250	15.8113883008419
4	"Dishonest"	26	2.86046892398502	5	250	15.8113883008419
4	"Honest"	28	1.15454869797997	5	250	15.8113883008419
5	"Dishonest"	30	-0.396952633126642	5	250	15.8113883008419
5	"Honest"	19	1.07042850122021	5	250	15.8113883008419
6	"Dishonest"	23	-1.02369710559672	5	250	15.8113883008419
6	"Honest"	24	5.15152570742915	5	250	15.8113883008419
7	"Dishonest"	19	1.57596793399397	5	250	15.8113883008419
7	"Honest"	28	-1.08081842931119	5	250	15.8113883008419
8	"Dishonest"	20	2.61653767649574	5	250	15.8113883008419
8	"Honest"	24	3.26291772108666	5	250	15.8113883008419
9	"Dishonest"	17	1.27394641540324	5	250	15.8113883008419
9	"Honest"	23	3.57380801857137	5	250	15.8113883008419
10	"Dishonest"	20	-1.54043191520577	5	250	15.8113883008419
10	"Honest"	21	1.40684606273252	5	250	15.8113883008419
1	"Dishonest"	32	4.50628009930343	5	500	22.3606797749979
1	"Honest"	26	1.91541591208572	5	500	22.3606797749979
2	"Dishonest"	34	3.05086007601201	5	500	22.3606797749979
2	"Honest"	25	4.78192239899324	5	500	22.3606797749979
3	"Dishonest"	25	-0.660662345568848	5	500	22.3606797749979
3	"Honest"	28	-2.93346387096005	5	500	22.3606797749979
4	"Dishonest"	22	0.461444987203687	5	500	22.3606797749979
4	"Honest"	24	1.92573321949551	5	500	22.3606797749979
5	"Dishonest"	23	-1.80140420197723	5	500	22.3606797749979
5	"Honest"	36	0.782174809736443	5	500	22.3606797749979
6	"Dishonest"	39	-0.884392171467071	5	500	22.3606797749979
6	"Honest"	22	3.04955157296675	5	500	22.3606797749979
7	"Dishonest"	31	2.57003567645057	5	500	22.3606797749979
7	"Honest"	24	2.57173845142166	5	500	22.3606797749979
8	"Dishonest"	36	-0.414075571730585	5	500	22.3606797749979
8	"Honest"	28	-0.225973071418811	5	500	22.3606797749979
9	"Dishonest"	40	-4.15470682389645	5	500	22.3606797749979
9	"Honest"	38	-3.38497259811609	5	500	22.3606797749979
10	"Dishonest"	30	0.524165873416619	5	500	22.3606797749979
10	"Honest"	41	-5.1248547346011	5	500	22.3606797749979
1	"Dishonest"	67	0.449630628872495	5	1000	31.6227766016838
1	"Honest"	32	1.49824215349483	5	1000	31.6227766016838
2	"Dishonest"	56	2.18638207671535	5	1000	31.6227766016838
2	"Honest"	52	-0.644769887500101	5	1000	31.6227766016838
3	"Dishonest"	42	1.99580541113895	5	1000	31.6227766016838
3	"Honest"	39	-1.8601844330878	5	1000	31.6227766016838
4	"Dishonest"	60	1.21742430847684	5	1000	31.6227766016838
4	"Honest"	57	1.15349003875793	5	1000	31.6227766016838
5	"Dishonest"	44	0.926588127439717	5	1000	31.6227766016838
5	"Honest"	43	0.701932578968547	5	1000	31.6227766016838
6	"Dishonest"	57	0.877582556733179	5	1000	31.6227766016838
6	"Honest"	38	1.38209809250329	5	1000	31.6227766016838
7	"Dishonest"	52	-1.52010156440015	5	1000	31.6227766016838
7	"Honest"	46	-1.53784862318018	5	1000	31.6227766016838
8	"Dishonest"	32	1.49454979308278	5	1000	31.6227766016838
8	"Honest"	31	2.95270765004201	5	1000	31.6227766016838
9	"Dishonest"	45	2.53388748409481	5	1000	31.6227766016838
9	"Honest"	55	2.84668194328063	5	1000	31.6227766016838
10	"Dishonest"	34	-0.80786934426514	5	1000	31.6227766016838
10	"Honest"	34	-2.94523444844889	5	1000	31.6227766016838
1	"Dishonest"	80	2.31756358673582	5	2000	44.7213595499958
1	"Honest"	78	-2.61452739289968	5	2000	44.7213595499958
2	"Dishonest"	49	-0.702207965567468	5	2000	44.7213595499958
2	"Honest"	91	0.704861212710567	5	2000	44.7213595499958
3	"Dishonest"	68	-0.277584037460261	5	2000	44.7213595499958
3	"Honest"	45	-2.13021810409315	5	2000	44.7213595499958
4	"Dishonest"	54	1.77956148783375	5	2000	44.7213595499958
4	"Honest"	75	2.41065868052894	5	2000	44.7213595499958
5	"Dishonest"	73	1.01396301315273	5	2000	44.7213595499958
5	"Honest"	61	2.40284014916078	5	2000	44.7213595499958
6	"Dishonest"	44	-1.36381604291439	5	2000	44.7213595499958
6	"Honest"	74	-3.58193133726676	5	2000	44.7213595499958
7	"Dishonest"	45	-0.3960213954457	5	2000	44.7213595499958
7	"Honest"	50	1.62646436295891	5	2000	44.7213595499958
8	"Dishonest"	54	-1.05121216122641	5	2000	44.7213595499958
8	"Honest"	80	6.63195569735382	5	2000	44.7213595499958
9	"Dishonest"	82	-0.65024869334236	5	2000	44.7213595499958
9	"Honest"	68	-3.65823317207506	5	2000	44.7213595499958
10	"Dishonest"	69	0.30905049957332	5	2000	44.7213595499958
10	"Honest"	49	1.35120476253889	5	2000	44.7213595499958
1	"Dishonest"	97	-3.92975367652931	5	5000	70.7106781186548
1	"Honest"	88	4.95360604366168	5	5000	70.7106781186548
2	"Dishonest"	90	1.84622434149662	5	5000	70.7106781186548
2	"Honest"	95	2.95207570487406	5	5000	70.7106781186548
3	"Dishonest"	92	1.71726386680071	5	5000	70.7106781186548
3	"Honest"	71	3.04190433870138	5	5000	70.7106781186548
4	"Dishonest"	79	0.734013419594149	5	5000	70.7106781186548
4	"Honest"	77	-0.118654975380711	5	5000	70.7106781186548
5	"Dishonest"	117	0.917546338971471	5	5000	70.7106781186548
5	"Honest"	149	3.64942785059417	5	5000	70.7106781186548
6	"Dishonest"	74	-1.11540728079071	5	5000	70.7106781186548
6	"Honest"	76	-4.42934152331699	5	5000	70.7106781186548
7	"Dishonest"	78	0.228003002656144	5	5000	70.7106781186548
7	"Honest"	88	1.48733342348859	5	5000	70.7106781186548
8	"Dishonest"	70	0.714223068516353	5	5000	70.7106781186548
8	"Honest"	96	-0.641526266686573	5	5000	70.7106781186548
9	"Dishonest"	155	-3.50311184754921	5	5000	70.7106781186548
9	"Honest"	125	2.08288108854653	5	5000	70.7106781186548
10	"Dishonest"	80	0.975995139011231	5	5000	70.7106781186548
10	"Honest"	115	0.240873208371226	5	5000	70.7106781186548
1	"Dishonest"	11	1.10483979649669	6	100	10
1	"Honest"	16	-2.07008724218292	6	100	10
2	"Dishonest"	15	-1.67939697418499	6	100	10
2	"Honest"	13	0.405099017314584	6	100	10
3	"Dishonest"	12	-1.57951056863923	6	100	10
3	"Honest"	11	-3.09740915931333	6	100	10
4	"Dishonest"	10	-0.349211590272652	6	100	10
4	"Honest"	13	2.69441641605778	6	100	10
5	"Dishonest"	10	2.01401815527835	6	100	10
5	"Honest"	17	-3.67911390773238	6	100	10
6	"Dishonest"	14	3.01990685843631	6	100	10
6	"Honest"	19	0.292996389161049	6	100	10
7	"Dishonest"	11	3.03828696994364	6	100	10
7	"Honest"	12	1.03180317807343	6	100	10
8	"Dishonest"	19	1.43453655494201	6	100	10
8	"Honest"	11	2.8466787099928	6	100	10
9	"Dishonest"	16	1.90894106078659	6	100	10
9	"Honest"	13	1.6578379708378	6	100	10
10	"Dishonest"	17	-2.55263531742377	6	100	10
10	"Honest"	14	-0.75825775667642	6	100	10
1	"Dishonest"	20	-1.43961193237725	6	250	15.8113883008419
1	"Honest"	15	-0.998276730957582	6	250	15.8113883008419
2	"Dishonest"	19	0.586365245314425	6	250	15.8113883008419
2	"Honest"	21	-0.772696090992262	6	250	15.8113883008419
3	"Dishonest"	21	-1.22571809225149	6	250	15.8113883008419
3	"Honest"	21	3.894485592245	6	250	15.8113883008419
4	"Dishonest"	18	1.84349473327632	6	250	15.8113883008419
4	"Honest"	15	-3.01863835108922	6	250	15.8113883008419
5	"Dishonest"	21	-0.82938469947903	6	250	15.8113883008419
5	"Honest"	23	1.77123223961911	6	250	15.8113883008419
6	"Dishonest"	16	0.240331716502096	6	250	15.8113883008419
6	"Honest"	15	0.765335143440748	6	250	15.8113883008419
7	"Dishonest"	22	-1.31480943915277	6	250	15.8113883008419
7	"Honest"	16	0.27430682123993	6	250	15.8113883008419
8	"Dishonest"	26	0.0133802476653526	6	250	15.8113883008419
8	"Honest"	20	0.0985703999902355	6	250	15.8113883008419
9	"Dishonest"	15	2.01776439130975	6	250	15.8113883008419
9	"Honest"	18	0.0102401906837518	6	250	15.8113883008419
10	"Dishonest"	24	-3.29492453568897	6	250	15.8113883008419
10	"Honest"	25	1.47269650477809	6	250	15.8113883008419
1	"Dishonest"	34	-3.23052173567277	6	500	22.3606797749979
1	"Honest"	37	-0.921784732557071	6	500	22.3606797749979
2	"Dishonest"	26	0.770865729738533	6	500	22.3606797749979
2	"Honest"	29	2.22145738626551	6	500	22.3606797749979
3	"Dishonest"	23	1.2135103043077	6	500	22.3606797749979
3	"Honest"	29	1.10814090734433	6	500	22.3606797749979
4	"Dishonest"	45	0.768311513476899	6	500	22.3606797749979
4	"Honest"	46	-3.70971626221395	6	500	22.3606797749979
5	"Dishonest"	24	1.63898442534478	6	500	22.3606797749979
5	"Honest"	23	3.55375907663945	6	500	22.3606797749979
6	"Dishonest"	42	4.27401686391997	6	500	22.3606797749979
6	"Honest"	23	4.80570089338977	6	500	22.3606797749979
7	"Dishonest"	22	1.86699445592819	6	500	22.3606797749979
7	"Honest"	36	0.265873424234883	6	500	22.3606797749979
8	"Dishonest"	26	0.958846751821732	6	500	22.3606797749979
8	"Honest"	34	2.54433533478781	6	500	22.3606797749979
9	"Dishonest"	36	0.917187725811671	6	500	22.3606797749979
9	"Honest"	29	2.11714241894119	6	500	22.3606797749979
10	"Dishonest"	22	0.997613516122877	6	500	22.3606797749979
10	"Honest"	43	-1.90503862976967	6	500	22.3606797749979
1	"Dishonest"	34	0.230484038893346	6	1000	31.6227766016838
1	"Honest"	41	0.431180827026017	6	1000	31.6227766016838
2	"Dishonest"	63	3.0134609470848	6	1000	31.6227766016838
2	"Honest"	47	0.756647314953112	6	1000	31.6227766016838
3	"Dishonest"	31	0.254653307509812	6	1000	31.6227766016838
3	"Honest"	36	-3.59881061283154	6	1000	31.6227766016838
4	"Dishonest"	32	-1.26916751520707	6	1000	31.6227766016838
4	"Honest"	32	-2.55405002295417	6	1000	31.6227766016838
5	"Dishonest"	43	-0.179641139817037	6	1000	31.6227766016838
5	"Honest"	49	0.677745960076683	6	1000	31.6227766016838
6	"Dishonest"	60	0.844761041132343	6	1000	31.6227766016838
6	"Honest"	39	-2.36842841882967	6	1000	31.6227766016838
7	"Dishonest"	51	1.10345195542707	6	1000	31.6227766016838
7	"Honest"	53	0.722698372836471	6	1000	31.6227766016838
8	"Dishonest"	61	2.32453003489793	6	1000	31.6227766016838
8	"Honest"	39	2.33890148599559	6	1000	31.6227766016838
9	"Dishonest"	35	1.19296784645086	6	1000	31.6227766016838
9	"Honest"	33	-1.47558463142224	6	1000	31.6227766016838
10	"Dishonest"	50	-1.93376183043332	6	1000	31.6227766016838
10	"Honest"	32	-2.33585465415898	6	1000	31.6227766016838
1	"Dishonest"	47	-3.22306329343172	6	2000	44.7213595499958
1	"Honest"	73	-2.67317077238868	6	2000	44.7213595499958
2	"Dishonest"	63	-0.324582525567306	6	2000	44.7213595499958
2	"Honest"	46	2.04125647643831	6	2000	44.7213595499958
3	"Dishonest"	46	1.78415001250605	6	2000	44.7213595499958
3	"Honest"	73	2.44990132066574	6	2000	44.7213595499958
4	"Dishonest"	46	0.628146906986711	6	2000	44.7213595499958
4	"Honest"	92	2.80912122839865	6	2000	44.7213595499958
5	"Dishonest"	74	-3.04730442125013	6	2000	44.7213595499958
5	"Honest"	58	-2.59956353753418	6	2000	44.7213595499958
6	"Dishonest"	56	0.306824972131717	6	2000	44.7213595499958
6	"Honest"	48	0.990468122713361	6	2000	44.7213595499958
7	"Dishonest"	82	-3.28762845878076	6	2000	44.7213595499958
7	"Honest"	59	-3.36183258995509	6	2000	44.7213595499958
8	"Dishonest"	92	2.73340761741862	6	2000	44.7213595499958
8	"Honest"	86	-1.80825992790134	6	2000	44.7213595499958
9	"Dishonest"	51	1.6669864337858	6	2000	44.7213595499958
9	"Honest"	61	0.131996301613302	6	2000	44.7213595499958
10	"Dishonest"	66	0.218473409314485	6	2000	44.7213595499958
10	"Honest"	49	1.0726812760084	6	2000	44.7213595499958
1	"Dishonest"	112	0.149605647203356	6	5000	70.7106781186548
1	"Honest"	80	0.457603735523599	6	5000	70.7106781186548
2	"Dishonest"	143	-4.6225925282048	6	5000	70.7106781186548
2	"Honest"	148	3.08072680267624	6	5000	70.7106781186548
3	"Dishonest"	78	1.93775793544598	6	5000	70.7106781186548
3	"Honest"	132	0.825609737465326	6	5000	70.7106781186548
4	"Dishonest"	152	-3.00342418232981	6	5000	70.7106781186548
4	"Honest"	103	-0.695413909408271	6	5000	70.7106781186548
5	"Dishonest"	76	-1.28359435884559	6	5000	70.7106781186548
5	"Honest"	93	-1.60508447742023	6	5000	70.7106781186548
6	"Dishonest"	143	1.6266861547566	6	5000	70.7106781186548
6	"Honest"	129	0.791953059559536	6	5000	70.7106781186548
7	"Dishonest"	86	0.850595512525429	6	5000	70.7106781186548
7	"Honest"	81	-1.48504546812648	6	5000	70.7106781186548
8	"Dishonest"	81	-1.68080593076979	6	5000	70.7106781186548
8	"Honest"	102	1.99430364182202	6	5000	70.7106781186548
9	"Dishonest"	80	-0.842262826213727	6	5000	70.7106781186548
9	"Honest"	121	-2.07480137283726	6	5000	70.7106781186548
10	"Dishonest"	90	-1.79748735856565	6	5000	70.7106781186548
10	"Honest"	101	-3.9583662636651	6	5000	70.7106781186548
1	"Dishonest"	17	1.16335246448686	7	100	10
1	"Honest"	12	0.404306654523608	7	100	10
2	"Dishonest"	19	1.07753015138465	7	100	10
2	"Honest"	16	-0.0925140696742996	7	100	10
3	"Dishonest"	16	0.666183337988022	7	100	10
3	"Honest"	11	0.520332209746215	7	100	10
4	"Dishonest"	13	1.36146074829224	7	100	10
4	"Honest"	13	-4.84377907392741	7	100	10
5	"Dishonest"	12	-1.26725561914834	7	100	10
5	"Honest"	15	0.837743746690297	7	100	10
6	"Dishonest"	11	-4.35268322078667	7	100	10
6	"Honest"	19	2.11679611499687	7	100	10
7	"Dishonest"	10	1.3375744634683	7	100	10
7	"Honest"	13	-0.938368315345304	7	100	10
8	"Dishonest"	10	-3.119290303427	7	100	10
8	"Honest"	12	-0.252382761757766	7	100	10
9	"Dishonest"	12	-2.2116969256516	7	100	10
9	"Honest"	12	-0.446185204633655	7	100	10
10	"Dishonest"	10	-0.402819463291557	7	100	10
10	"Honest"	14	-0.111920650380176	7	100	10
1	"Dishonest"	30	1.06516394216914	7	250	15.8113883008419
1	"Honest"	21	1.80737986622548	7	250	15.8113883008419
2	"Dishonest"	16	-1.86017135302047	7	250	15.8113883008419
2	"Honest"	16	0.38321270836903	7	250	15.8113883008419
3	"Dishonest"	15	1.80862516109659	7	250	15.8113883008419
3	"Honest"	17	2.8411051148163	7	250	15.8113883008419
4	"Dishonest"	17	0.715961152992941	7	250	15.8113883008419
4	"Honest"	28	0.940188377901734	7	250	15.8113883008419
5	"Dishonest"	22	-1.63114045130644	7	250	15.8113883008419
5	"Honest"	25	-4.67736882158859	7	250	15.8113883008419
6	"Dishonest"	17	1.47799495293496	7	250	15.8113883008419
6	"Honest"	22	-0.229543444398602	7	250	15.8113883008419
7	"Dishonest"	20	-0.933474802269068	7	250	15.8113883008419
7	"Honest"	15	0.242161197580596	7	250	15.8113883008419
8	"Dishonest"	23	-0.912415440414912	7	250	15.8113883008419
8	"Honest"	21	-1.29297385858373	7	250	15.8113883008419
9	"Dishonest"	17	-2.17461019739937	7	250	15.8113883008419
9	"Honest"	24	-1.67981736267094	7	250	15.8113883008419
10	"Dishonest"	16	-1.50130401616509	7	250	15.8113883008419
10	"Honest"	15	1.16606778222323	7	250	15.8113883008419
1	"Dishonest"	44	-3.11241649044712	7	500	22.3606797749979
1	"Honest"	33	1.4771930518341	7	500	22.3606797749979
2	"Dishonest"	24	1.11844043403443	7	500	22.3606797749979
2	"Honest"	30	1.57887682805255	7	500	22.3606797749979
3	"Dishonest"	32	2.21859296033693	7	500	22.3606797749979
3	"Honest"	22	2.87571971678318	7	500	22.3606797749979
4	"Dishonest"	35	4.95031099489078	7	500	22.3606797749979
4	"Honest"	24	2.03342004908424	7	500	22.3606797749979
5	"Dishonest"	33	-1.13647894373948	7	500	22.3606797749979
5	"Honest"	29	3.83375406651304	7	500	22.3606797749979
6	"Dishonest"	39	0.459473104303974	7	500	22.3606797749979
6	"Honest"	41	-1.10753247423457	7	500	22.3606797749979
7	"Dishonest"	46	-3.0142370384949	7	500	22.3606797749979
7	"Honest"	22	-4.08625492692725	7	500	22.3606797749979
8	"Dishonest"	23	2.0254905787427	7	500	22.3606797749979
8	"Honest"	39	-2.8466984649691	7	500	22.3606797749979
9	"Dishonest"	33	0.935713717087601	7	500	22.3606797749979
9	"Honest"	23	0.0197507253006645	7	500	22.3606797749979
10	"Dishonest"	35	-2.48119234490676	7	500	22.3606797749979
10	"Honest"	45	4.7096898698607	7	500	22.3606797749979
1	"Dishonest"	45	2.22906923077101	7	1000	31.6227766016838
1	"Honest"	37	1.39776872598492	7	1000	31.6227766016838
2	"Dishonest"	44	0.731800580068867	7	1000	31.6227766016838
2	"Honest"	32	0.4157554129466	7	1000	31.6227766016838
3	"Dishonest"	45	0.979778277249331	7	1000	31.6227766016838
3	"Honest"	50	5.45943487912523	7	1000	31.6227766016838
4	"Dishonest"	36	-0.684165091736326	7	1000	31.6227766016838
4	"Honest"	38	-1.61522183865044	7	1000	31.6227766016838
5	"Dishonest"	31	0.610597545049632	7	1000	31.6227766016838
5	"Honest"	54	-2.21643082179573	7	1000	31.6227766016838
6	"Dishonest"	39	-1.07535714208615	7	1000	31.6227766016838
6	"Honest"	61	-0.152503205962802	7	1000	31.6227766016838
7	"Dishonest"	39	-1.76457084669235	7	1000	31.6227766016838
7	"Honest"	31	-0.167327342856846	7	1000	31.6227766016838
8	"Dishonest"	60	4.09344662722847	7	1000	31.6227766016838
8	"Honest"	63	-0.150405538963641	7	1000	31.6227766016838
9	"Dishonest"	41	-0.0296881148756851	7	1000	31.6227766016838
9	"Honest"	52	2.8031738399533	7	1000	31.6227766016838
10	"Dishonest"	62	1.83504869472285	7	1000	31.6227766016838
10	"Honest"	35	-1.62005021746314	7	1000	31.6227766016838
1	"Dishonest"	68	-0.116393446064338	7	2000	44.7213595499958
1	"Honest"	67	0.952775346243413	7	2000	44.7213595499958
2	"Dishonest"	88	2.03671809380902	7	2000	44.7213595499958
2	"Honest"	78	0.705870889841162	7	2000	44.7213595499958
3	"Dishonest"	77	1.27013045368988	7	2000	44.7213595499958
3	"Honest"	44	0.310110430057383	7	2000	44.7213595499958
4	"Dishonest"	84	1.74495986243694	7	2000	44.7213595499958
4	"Honest"	68	1.61698528967287	7	2000	44.7213595499958
5	"Dishonest"	95	-1.49016950824546	7	2000	44.7213595499958
5	"Honest"	65	-1.00157291547856	7	2000	44.7213595499958
6	"Dishonest"	56	-0.100740993978451	7	2000	44.7213595499958
6	"Honest"	44	1.80215649890121	7	2000	44.7213595499958
7	"Dishonest"	45	-3.74478734581557	7	2000	44.7213595499958
7	"Honest"	86	-4.98894339622126	7	2000	44.7213595499958
8	"Dishonest"	52	-1.15269760098883	7	2000	44.7213595499958
8	"Honest"	74	0.10662056044073	7	2000	44.7213595499958
9	"Dishonest"	61	-4.42719910837526	7	2000	44.7213595499958
9	"Honest"	75	-0.982059136533703	7	2000	44.7213595499958
10	"Dishonest"	46	1.24749820209458	7	2000	44.7213595499958
10	"Honest"	48	-1.48728760556506	7	2000	44.7213595499958
1	"Dishonest"	108	2.1476351340739	7	5000	70.7106781186548
1	"Honest"	106	0.997531987504356	7	5000	70.7106781186548
2	"Dishonest"	133	-2.51302141700159	7	5000	70.7106781186548
2	"Honest"	109	0.69386567538353	7	5000	70.7106781186548
3	"Dishonest"	125	-1.85072304958057	7	5000	70.7106781186548
3	"Honest"	72	-0.667697299109063	7	5000	70.7106781186548
4	"Dishonest"	111	1.74287793140872	7	5000	70.7106781186548
4	"Honest"	137	2.8968366517166	7	5000	70.7106781186548
5	"Dishonest"	82	0.254896233722749	7	5000	70.7106781186548
5	"Honest"	72	0.918156394655051	7	5000	70.7106781186548
6	"Dishonest"	85	-3.756328827292	7	5000	70.7106781186548
6	"Honest"	143	1.74014910484188	7	5000	70.7106781186548
7	"Dishonest"	76	-0.495260585517956	7	5000	70.7106781186548
7	"Honest"	91	-2.71256204818799	7	5000	70.7106781186548
8	"Dishonest"	139	-1.09836483529749	7	5000	70.7106781186548
8	"Honest"	107	-0.988748960444557	7	5000	70.7106781186548
9	"Dishonest"	137	-2.69808431851959	7	5000	70.7106781186548
9	"Honest"	129	-0.0288238395675588	7	5000	70.7106781186548
10	"Dishonest"	75	-3.60446646669567	7	5000	70.7106781186548
10	"Honest"	106	3.50284280762488	7	5000	70.7106781186548
1	"Dishonest"	10	1.44362448020566	8	100	10
1	"Honest"	17	0.588010602782559	8	100	10
2	"Dishonest"	10	-1.35919493395114	8	100	10
2	"Honest"	13	1.33140257622364	8	100	10
3	"Dishonest"	19	-3.25768983656536	8	100	10
3	"Honest"	18	-0.73395234659622	8	100	10
4	"Dishonest"	15	0.120518221456171	8	100	10
4	"Honest"	19	2.68759882143626	8	100	10
5	"Dishonest"	12	-1.32704780389412	8	100	10
5	"Honest"	18	-1.65877596304432	8	100	10
6	"Dishonest"	13	-1.33313789816828	8	100	10
6	"Honest"	11	-0.911256056341528	8	100	10
7	"Dishonest"	19	1.15085316915487	8	100	10
7	"Honest"	14	2.44887762568885	8	100	10
8	"Dishonest"	14	0.89181122784088	8	100	10
8	"Honest"	10	0.0929324153699161	8	100	10
9	"Dishonest"	18	-3.83268351384104	8	100	10
9	"Honest"	16	-0.400144641804275	8	100	10
10	"Dishonest"	17	-0.411425156864554	8	100	10
10	"Honest"	20	0.703346235102272	8	100	10
1	"Dishonest"	15	0.595250721697036	8	250	15.8113883008419
1	"Honest"	28	3.08599289566691	8	250	15.8113883008419
2	"Dishonest"	17	0.0412481788876804	8	250	15.8113883008419
2	"Honest"	24	-2.27886614312195	8	250	15.8113883008419
3	"Dishonest"	24	0.611313533558272	8	250	15.8113883008419
3	"Honest"	27	-0.623437450391456	8	250	15.8113883008419
4	"Dishonest"	24	-2.79936270601592	8	250	15.8113883008419
4	"Honest"	26	3.88285422136541	8	250	15.8113883008419
5	"Dishonest"	17	-2.76397974081356	8	250	15.8113883008419
5	"Honest"	21	-2.9730684782135	8	250	15.8113883008419
6	"Dishonest"	24	0.025590000161443	8	250	15.8113883008419
6	"Honest"	27	0.261061792473506	8	250	15.8113883008419
7	"Dishonest"	16	-1.39870550102617	8	250	15.8113883008419
7	"Honest"	24	-1.63495327207376	8	250	15.8113883008419
8	"Dishonest"	21	-0.151835011192362	8	250	15.8113883008419
8	"Honest"	18	-0.025638936142784	8	250	15.8113883008419
9	"Dishonest"	16	-1.85501753159218	8	250	15.8113883008419
9	"Honest"	25	-3.63181328853996	8	250	15.8113883008419
10	"Dishonest"	16	2.808219441464	8	250	15.8113883008419
10	"Honest"	19	2.43523154023338	8	250	15.8113883008419
1	"Dishonest"	23	-2.60788587832319	8	500	22.3606797749979
1	"Honest"	38	-4.05053881703733	8	500	22.3606797749979
2	"Dishonest"	27	0.468846133735727	8	500	22.3606797749979
2	"Honest"	23	-4.30785368796234	8	500	22.3606797749979
3	"Dishonest"	25	0.717614355918426	8	500	22.3606797749979
3	"Honest"	35	-2.19688525410774	8	500	22.3606797749979
4	"Dishonest"	23	-0.725065814278072	8	500	22.3606797749979
4	"Honest"	25	2.07356319089524	8	500	22.3606797749979
5	"Dishonest"	40	-0.715501143501076	8	500	22.3606797749979
5	"Honest"	27	-2.49578969133209	8	500	22.3606797749979
6	"Dishonest"	41	-2.89979058163393	8	500	22.3606797749979
6	"Honest"	30	-2.807088580586	8	500	22.3606797749979
7	"Dishonest"	25	1.42602270908353	8	500	22.3606797749979
7	"Honest"	27	1.31131544653996	8	500	22.3606797749979
8	"Dishonest"	28	1.37437247177642	8	500	22.3606797749979
8	"Honest"	38	2.68981454185062	8	500	22.3606797749979
9	"Dishonest"	37	-0.490456021815663	8	500	22.3606797749979
9	"Honest"	24	-1.73022806138096	8	500	22.3606797749979
10	"Dishonest"	25	-1.92420432109352	8	500	22.3606797749979
10	"Honest"	34	-5.48047619568027	8	500	22.3606797749979
1	"Dishonest"	60	0.305872646895561	8	1000	31.6227766016838
1	"Honest"	40	0.795040149074848	8	1000	31.6227766016838
2	"Dishonest"	39	-2.71243743254619	8	1000	31.6227766016838
2	"Honest"	58	2.69866432387815	8	1000	31.6227766016838
3	"Dishonest"	42	-2.76789358741414	8	1000	31.6227766016838
3	"Honest"	32	1.53398763582812	8	1000	31.6227766016838
4	"Dishonest"	46	-2.13430005404946	8	1000	31.6227766016838
4	"Honest"	45	0.648806516572819	8	1000	31.6227766016838
5	"Dishonest"	36	-0.79022437810798	8	1000	31.6227766016838
5	"Honest"	56	0.665351683168316	8	1000	31.6227766016838
6	"Dishonest"	61	1.47447721684744	8	1000	31.6227766016838
6	"Honest"	39	2.32407061002234	8	1000	31.6227766016838
7	"Dishonest"	53	-0.933550236466328	8	1000	31.6227766016838
7	"Honest"	32	-0.119792259764262	8	1000	31.6227766016838
8	"Dishonest"	51	-2.98806769898867	8	1000	31.6227766016838
8	"Honest"	61	-3.01109874616794	8	1000	31.6227766016838
9	"Dishonest"	52	-0.223126316614941	8	1000	31.6227766016838
9	"Honest"	42	0.726621511823514	8	1000	31.6227766016838
10	"Dishonest"	32	1.16235755806001	8	1000	31.6227766016838
10	"Honest"	37	-3.41723079166018	8	1000	31.6227766016838
1	"Dishonest"	48	-2.01877161930942	8	2000	44.7213595499958
1	"Honest"	54	-0.489873046957333	8	2000	44.7213595499958
2	"Dishonest"	49	-2.43001353497324	8	2000	44.7213595499958
2	"Honest"	67	2.63734903999056	8	2000	44.7213595499958
3	"Dishonest"	73	0.901286986769152	8	2000	44.7213595499958
3	"Honest"	84	0.807276540429638	8	2000	44.7213595499958
4	"Dishonest"	59	0.0406854679698177	8	2000	44.7213595499958
4	"Honest"	84	4.7543587282301	8	2000	44.7213595499958
5	"Dishonest"	54	1.78378809213567	8	2000	44.7213595499958
5	"Honest"	55	2.87859092108225	8	2000	44.7213595499958
6	"Dishonest"	62	1.41894678462818	8	2000	44.7213595499958
6	"Honest"	48	-0.578841562015782	8	2000	44.7213595499958
7	"Dishonest"	65	-0.825231687229864	8	2000	44.7213595499958
7	"Honest"	65	-1.07447747047897	8	2000	44.7213595499958
8	"Dishonest"	58	0.720005354639666	8	2000	44.7213595499958
8	"Honest"	69	1.10218851541313	8	2000	44.7213595499958
9	"Dishonest"	44	2.84905123094197	8	2000	44.7213595499958
9	"Honest"	58	-0.973880147633547	8	2000	44.7213595499958
10	"Dishonest"	70	0.780994188301878	8	2000	44.7213595499958
10	"Honest"	73	3.22235813113259	8	2000	44.7213595499958
1	"Dishonest"	72	-0.654117071732638	8	5000	70.7106781186548
1	"Honest"	110	-2.92659518814267	8	5000	70.7106781186548
2	"Dishonest"	98	1.08749938947268	8	5000	70.7106781186548
2	"Honest"	93	-1.52099560312966	8	5000	70.7106781186548
3	"Dishonest"	101	0.856996030792495	8	5000	70.7106781186548
3	"Honest"	127	3.07204621076491	8	5000	70.7106781186548
4	"Dishonest"	139	-0.61397334689352	8	5000	70.7106781186548
4	"Honest"	127	-2.33539767898368	8	5000	70.7106781186548
5	"Dishonest"	82	0.570008251987722	8	5000	70.7106781186548
5	"Honest"	108	1.55193002479452	8	5000	70.7106781186548
6	"Dishonest"	74	-0.987078513966556	8	5000	70.7106781186548
6	"Honest"	75	2.50474936120438	8	5000	70.7106781186548
7	"Dishonest"	70	0.420003182542589	8	5000	70.7106781186548
7	"Honest"	124	-1.01206853194027	8	5000	70.7106781186548
8	"Dishonest"	113	1.37498337988543	8	5000	70.7106781186548
8	"Honest"	119	3.6784574139963	8	5000	70.7106781186548
9	"Dishonest"	111	0.165730790610768	8	5000	70.7106781186548
9	"Honest"	113	0.600213466096953	8	5000	70.7106781186548
10	"Dishonest"	132	-0.508962615018287	8	5000	70.7106781186548
10	"Honest"	134	-0.0929710828981665	8	5000	70.7106781186548
1	"Dishonest"	11	3.18550874359601	9	100	10
1	"Honest"	16	-3.04760697573049	9	100	10
2	"Dishonest"	16	-0.472718945611843	9	100	10
2	"Honest"	19	-1.57235911904017	9	100	10
3	"Dishonest"	14	2.41803371451731	9	100	10
3	"Honest"	16	2.92033071350023	9	100	10
4	"Dishonest"	13	-2.42930329211134	9	100	10
4	"Honest"	19	-2.53245138538948	9	100	10
5	"Dishonest"	12	-0.574764395077283	9	100	10
5	"Honest"	19	1.55572138288177	9	100	10
6	"Dishonest"	11	-2.31901704146811	9	100	10
6	"Honest"	11	-1.79136997713036	9	100	10
7	"Dishonest"	19	2.31764437057594	9	100	10
7	"Honest"	15	4.67420221245098	9	100	10
8	"Dishonest"	17	1.03133515853361	9	100	10
8	"Honest"	10	1.95517522140956	9	100	10
9	"Dishonest"	10	0.898073574797479	9	100	10
9	"Honest"	16	-3.03120501725211	9	100	10
10	"Dishonest"	10	2.95652634934393	9	100	10
10	"Honest"	11	3.34908020284879	9	100	10
1	"Dishonest"	20	-2.95587852517258	9	250	15.8113883008419
1	"Honest"	29	-3.09890797846994	9	250	15.8113883008419
2	"Dishonest"	25	-1.6555567749625	9	250	15.8113883008419
2	"Honest"	27	0.761126646649517	9	250	15.8113883008419
3	"Dishonest"	26	0.862520550632483	9	250	15.8113883008419
3	"Honest"	21	0.779703366850951	9	250	15.8113883008419
4	"Dishonest"	27	3.17978734866465	9	250	15.8113883008419
4	"Honest"	29	1.72583196000468	9	250	15.8113883008419
5	"Dishonest"	19	2.39142759942444	9	250	15.8113883008419
5	"Honest"	27	-2.59247131943027	9	250	15.8113883008419
6	"Dishonest"	23	1.92999606815886	9	250	15.8113883008419
6	"Honest"	15	0.505514938886085	9	250	15.8113883008419
7	"Dishonest"	24	2.5689098400296	9	250	15.8113883008419
7	"Honest"	16	3.27313871374696	9	250	15.8113883008419
8	"Dishonest"	21	0.0357141523370183	9	250	15.8113883008419
8	"Honest"	24	-1.36614574619416	9	250	15.8113883008419
9	"Dishonest"	15	-2.3089347988615	9	250	15.8113883008419
9	"Honest"	24	0.845206539917459	9	250	15.8113883008419
10	"Dishonest"	30	-4.10946307935364	9	250	15.8113883008419
10	"Honest"	17	0.619900416432941	9	250	15.8113883008419
1	"Dishonest"	24	1.54180231520547	9	500	22.3606797749979
1	"Honest"	43	-3.51625091322784	9	500	22.3606797749979
2	"Dishonest"	22	2.67676723601728	9	500	22.3606797749979
2	"Honest"	37	4.79572806220754	9	500	22.3606797749979
3	"Dishonest"	28	-0.116918467205314	9	500	22.3606797749979
3	"Honest"	38	0.715703713943662	9	500	22.3606797749979
4	"Dishonest"	37	-2.37642157545282	9	500	22.3606797749979
4	"Honest"	35	1.79190029596015	9	500	22.3606797749979
5	"Dishonest"	29	-1.5473032802941	9	500	22.3606797749979
5	"Honest"	43	-1.79473816269471	9	500	22.3606797749979
6	"Dishonest"	23	3.84819993917681	9	500	22.3606797749979
6	"Honest"	36	3.39696732349671	9	500	22.3606797749979
7	"Dishonest"	32	3.06397845114113	9	500	22.3606797749979
7	"Honest"	22	0.419877548927389	9	500	22.3606797749979
8	"Dishonest"	25	2.3115790988615	9	500	22.3606797749979
8	"Honest"	29	2.19757673200275	9	500	22.3606797749979
9	"Dishonest"	24	-0.894535593092686	9	500	22.3606797749979
9	"Honest"	23	1.41066640005701	9	500	22.3606797749979
10	"Dishonest"	31	-3.20456031037631	9	500	22.3606797749979
10	"Honest"	26	-0.0804492044975819	9	500	22.3606797749979
1	"Dishonest"	57	-3.07396358515278	9	1000	31.6227766016838
1	"Honest"	45	-1.41919221841476	9	1000	31.6227766016838
2	"Dishonest"	35	0.62320932880198	9	1000	31.6227766016838
2	"Honest"	60	2.49841577409842	9	1000	31.6227766016838
3	"Dishonest"	53	-0.40879317478608	9	1000	31.6227766016838
3	"Honest"	37	1.92154194653592	9	1000	31.6227766016838
4	"Dishonest"	66	-1.20112530954117	9	1000	31.6227766016838
4	"Honest"	52	-0.36100551538333	9	1000	31.6227766016838
5	"Dishonest"	31	1.05397276389941	9	1000	31.6227766016838
5	"Honest"	33	-0.130093631932861	9	1000	31.6227766016838
6	"Dishonest"	43	-3.03512402226213	9	1000	31.6227766016838
6	"Honest"	38	-2.56932604784986	9	1000	31.6227766016838
7	"Dishonest"	33	-2.47609617899794	9	1000	31.6227766016838
7	"Honest"	39	-4.43924635935175	9	1000	31.6227766016838
8	"Dishonest"	41	-0.275840087950196	9	1000	31.6227766016838
8	"Honest"	61	0.449395939139365	9	1000	31.6227766016838
9	"Dishonest"	58	-2.02099627951758	9	1000	31.6227766016838
9	"Honest"	33	2.02202535360242	9	1000	31.6227766016838
10	"Dishonest"	61	-0.880736062780721	9	1000	31.6227766016838
10	"Honest"	54	2.63769232236569	9	1000	31.6227766016838
1	"Dishonest"	68	-0.0473746180507637	9	2000	44.7213595499958
1	"Honest"	58	-2.32788056112776	9	2000	44.7213595499958
2	"Dishonest"	77	-1.71359832229721	9	2000	44.7213595499958
2	"Honest"	81	-3.15052479788255	9	2000	44.7213595499958
3	"Dishonest"	55	-0.87511662991927	9	2000	44.7213595499958
3	"Honest"	80	0.602783926063638	9	2000	44.7213595499958
4	"Dishonest"	48	0.29479584543194	9	2000	44.7213595499958
4	"Honest"	46	-0.694484798804867	9	2000	44.7213595499958
5	"Dishonest"	52	2.35062840733082	9	2000	44.7213595499958
5	"Honest"	67	-1.19004410072998	9	2000	44.7213595499958
6	"Dishonest"	49	-2.60907267238494	9	2000	44.7213595499958
6	"Honest"	57	2.22058722600093	9	2000	44.7213595499958
7	"Dishonest"	51	-3.31960554405642	9	2000	44.7213595499958
7	"Honest"	80	4.38984332671755	9	2000	44.7213595499958
8	"Dishonest"	51	1.08052095390273	9	2000	44.7213595499958
8	"Honest"	52	-1.48706122500226	9	2000	44.7213595499958
9	"Dishonest"	67	1.37002664763499	9	2000	44.7213595499958
9	"Honest"	54	0.0409497756778336	9	2000	44.7213595499958
10	"Dishonest"	80	-0.938743842435744	9	2000	44.7213595499958
10	"Honest"	57	-2.6696611125432	9	2000	44.7213595499958
1	"Dishonest"	116	-3.57428089101699	9	5000	70.7106781186548
1	"Honest"	79	-0.269293964357509	9	5000	70.7106781186548
2	"Dishonest"	123	0.286935891800035	9	5000	70.7106781186548
2	"Honest"	137	2.1882680611903	9	5000	70.7106781186548
3	"Dishonest"	89	-0.196249570320637	9	5000	70.7106781186548
3	"Honest"	144	5.75052627822279	9	5000	70.7106781186548
4	"Dishonest"	106	-0.171918423765658	9	5000	70.7106781186548
4	"Honest"	116	1.90206849199436	9	5000	70.7106781186548
5	"Dishonest"	133	-1.63292504329641	9	5000	70.7106781186548
5	"Honest"	135	4.09547961856574	9	5000	70.7106781186548
6	"Dishonest"	72	0.485038272819093	9	5000	70.7106781186548
6	"Honest"	95	-0.878059648866538	9	5000	70.7106781186548
7	"Dishonest"	124	0.12854855981551	9	5000	70.7106781186548
7	"Honest"	123	0.64532040056161	9	5000	70.7106781186548
8	"Dishonest"	118	-0.20670267658685	9	5000	70.7106781186548
8	"Honest"	122	1.36945070655472	9	5000	70.7106781186548
9	"Dishonest"	101	0.332991314840383	9	5000	70.7106781186548
9	"Honest"	94	1.81407673795156	9	5000	70.7106781186548
10	"Dishonest"	74	1.5196238815808	9	5000	70.7106781186548
10	"Honest"	115	1.49923679143369	9	5000	70.7106781186548
1	"Dishonest"	10	-1.63356714804403	10	100	10
1	"Honest"	13	-0.154589791269983	10	100	10
2	"Dishonest"	19	-0.773744042487867	10	100	10
2	"Honest"	13	-0.835944590670357	10	100	10
3	"Dishonest"	17	2.52052055873451	10	100	10
3	"Honest"	17	0.538190459518999	10	100	10
4	"Dishonest"	12	1.69673669758683	10	100	10
4	"Honest"	19	0.171724600348469	10	100	10
5	"Dishonest"	14	-2.10441759712468	10	100	10
5	"Honest"	12	1.88026637632704	10	100	10
6	"Dishonest"	10	1.93130665265794	10	100	10
6	"Honest"	12	-3.48073065382669	10	100	10
7	"Dishonest"	14	0.430770551660745	10	100	10
7	"Honest"	15	-0.354077775937857	10	100	10
8	"Dishonest"	11	-0.0488931535548175	10	100	10
8	"Honest"	11	-0.393329774967586	10	100	10
9	"Dishonest"	19	0.150830226887881	10	100	10
9	"Honest"	10	-2.79294963134412	10	100	10
10	"Dishonest"	10	0.379348946405875	10	100	10
10	"Honest"	14	-1.55013461057874	10	100	10
1	"Dishonest"	25	-1.07455797335221	10	250	15.8113883008419
1	"Honest"	17	-0.752505286178188	10	250	15.8113883008419
2	"Dishonest"	17	-2.25118893528449	10	250	15.8113883008419
2	"Honest"	21	0.120613666141819	10	250	15.8113883008419
3	"Dishonest"	23	-0.196990344876363	10	250	15.8113883008419
3	"Honest"	27	2.10656600355097	10	250	15.8113883008419
4	"Dishonest"	26	-0.645959994920905	10	250	15.8113883008419
4	"Honest"	30	0.774468622584618	10	250	15.8113883008419
5	"Dishonest"	15	0.172718915994721	10	250	15.8113883008419
5	"Honest"	24	2.18106405630356	10	250	15.8113883008419
6	"Dishonest"	22	0.61254968236584	10	250	15.8113883008419
6	"Honest"	18	1.88224166520991	10	250	15.8113883008419
7	"Dishonest"	27	3.35675334853256	10	250	15.8113883008419
7	"Honest"	20	-2.64893773466363	10	250	15.8113883008419
8	"Dishonest"	18	-2.29017491624232	10	250	15.8113883008419
8	"Honest"	16	1.24003287374898	10	250	15.8113883008419
9	"Dishonest"	26	-1.03748873230698	10	250	15.8113883008419
9	"Honest"	15	-1.54788094983503	10	250	15.8113883008419
10	"Dishonest"	17	0.104056078988007	10	250	15.8113883008419
10	"Honest"	24	3.50764587115555	10	250	15.8113883008419
1	"Dishonest"	22	0.260210184154141	10	500	22.3606797749979
1	"Honest"	24	2.2818493775781	10	500	22.3606797749979
2	"Dishonest"	24	3.9234556430832	10	500	22.3606797749979
2	"Honest"	22	1.61978548478432	10	500	22.3606797749979
3	"Dishonest"	24	2.11708556090971	10	500	22.3606797749979
3	"Honest"	34	-1.01543054451176	10	500	22.3606797749979
4	"Dishonest"	23	0.00293716457977544	10	500	22.3606797749979
4	"Honest"	38	-5.23012392308797	10	500	22.3606797749979
5	"Dishonest"	23	2.21461342921935	10	500	22.3606797749979
5	"Honest"	45	1.97248903494468	10	500	22.3606797749979
6	"Dishonest"	46	0.209223405796445	10	500	22.3606797749979
6	"Honest"	29	2.77992185353021	10	500	22.3606797749979
7	"Dishonest"	37	3.96513205975058	10	500	22.3606797749979
7	"Honest"	23	-0.533580405628006	10	500	22.3606797749979
8	"Dishonest"	23	-1.96668132390916	10	500	22.3606797749979
8	"Honest"	42	-2.02757093833151	10	500	22.3606797749979
9	"Dishonest"	28	-1.85090683130664	10	500	22.3606797749979
9	"Honest"	24	-1.68331119362825	10	500	22.3606797749979
10	"Dishonest"	30	-3.03830796406664	10	500	22.3606797749979
10	"Honest"	34	2.83026570076409	10	500	22.3606797749979
1	"Dishonest"	35	-1.49959237677116	10	1000	31.6227766016838
1	"Honest"	38	1.30899118640801	10	1000	31.6227766016838
2	"Dishonest"	60	1.36542717087698	10	1000	31.6227766016838
2	"Honest"	44	-4.11473087100879	10	1000	31.6227766016838
3	"Dishonest"	34	1.27648455388109	10	1000	31.6227766016838
3	"Honest"	53	6.03122996161906	10	1000	31.6227766016838
4	"Dishonest"	58	3.66372997675369	10	1000	31.6227766016838
4	"Honest"	36	3.45614258188687	10	1000	31.6227766016838
5	"Dishonest"	44	-1.63904470549697	10	1000	31.6227766016838
5	"Honest"	53	4.97346331483915	10	1000	31.6227766016838
6	"Dishonest"	54	0.0136134814371806	10	1000	31.6227766016838
6	"Honest"	43	3.99200193975782	10	1000	31.6227766016838
7	"Dishonest"	37	1.02911257323918	10	1000	31.6227766016838
7	"Honest"	53	2.69957571489348	10	1000	31.6227766016838
8	"Dishonest"	35	1.52937928209329	10	1000	31.6227766016838
8	"Honest"	46	-2.27088680053085	10	1000	31.6227766016838
9	"Dishonest"	55	-1.58795097127461	10	1000	31.6227766016838
9	"Honest"	33	-0.537241267391081	10	1000	31.6227766016838
10	"Dishonest"	43	-1.53671543800768	10	1000	31.6227766016838
10	"Honest"	48	1.52818555983161	10	1000	31.6227766016838
1	"Dishonest"	46	2.4030716999373	10	2000	44.7213595499958
1	"Honest"	50	3.93334509839552	10	2000	44.7213595499958
2	"Dishonest"	84	1.21904994256023	10	2000	44.7213595499958
2	"Honest"	44	-2.22339140492535	10	2000	44.7213595499958
3	"Dishonest"	61	3.93415212259598	10	2000	44.7213595499958
3	"Honest"	91	1.34510910084973	10	2000	44.7213595499958
4	"Dishonest"	79	-1.76893639928101	10	2000	44.7213595499958
4	"Honest"	46	-2.52468779365717	10	2000	44.7213595499958
5	"Dishonest"	91	-4.58957935330456	10	2000	44.7213595499958
5	"Honest"	50	3.39697021076047	10	2000	44.7213595499958
6	"Dishonest"	46	-1.01955448999085	10	2000	44.7213595499958
6	"Honest"	55	0.872546909146768	10	2000	44.7213595499958
7	"Dishonest"	82	3.07445513961259	10	2000	44.7213595499958
7	"Honest"	44	0.695033520101711	10	2000	44.7213595499958
8	"Dishonest"	75	-1.39035928002542	10	2000	44.7213595499958
8	"Honest"	46	0.260695818471775	10	2000	44.7213595499958
9	"Dishonest"	66	0.856860187681809	10	2000	44.7213595499958
9	"Honest"	62	-1.42756565868553	10	2000	44.7213595499958
10	"Dishonest"	46	0.895604507570057	10	2000	44.7213595499958
10	"Honest"	53	0.616579784971322	10	2000	44.7213595499958
1	"Dishonest"	83	-0.656553380413066	10	5000	70.7106781186548
1	"Honest"	112	-1.11564394632272	10	5000	70.7106781186548
2	"Dishonest"	79	2.68274432791805	10	5000	70.7106781186548
2	"Honest"	86	-1.55545164150049	10	5000	70.7106781186548
3	"Dishonest"	74	0.137198658899521	10	5000	70.7106781186548
3	"Honest"	110	-1.41524864210775	10	5000	70.7106781186548
4	"Dishonest"	70	-1.02028398591569	10	5000	70.7106781186548
4	"Honest"	72	-3.5728224819553	10	5000	70.7106781186548
5	"Dishonest"	126	2.64161782493223	10	5000	70.7106781186548
5	"Honest"	106	-2.53944999308372	10	5000	70.7106781186548
6	"Dishonest"	131	2.12643800230927	10	5000	70.7106781186548
6	"Honest"	124	-0.67309276543171	10	5000	70.7106781186548
7	"Dishonest"	80	1.58918108341542	10	5000	70.7106781186548
7	"Honest"	135	1.51809851243369	10	5000	70.7106781186548
8	"Dishonest"	125	-3.06027248622261	10	5000	70.7106781186548
8	"Honest"	106	1.41442429057783	10	5000	70.7106781186548
9	"Dishonest"	85	2.11444639690671	10	5000	70.7106781186548
9	"Honest"	84	0.996392575681423	10	5000	70.7106781186548
10	"Dishonest"	76	-2.10600307742143	10	5000	70.7106781186548
10	"Honest"	104	1.12756104542137	10	5000	70.7106781186548
