"sex"	"age"	"all"	"bmonly"
-2.25137553029438e-05	0.00479857117998349	0.00143897681075009	0.00193494073170291
-3.14247511874225e-05	0.00478569561033514	0.00160998219096513	0.00200546433569084
-7.51932769066076e-05	0.00471413510369848	0.00155233748255041	0.00197372660673758
-4.63456374762103e-05	0.00487293477694249	0.00148989817191175	0.00214035993144007
-2.59386152320583e-05	0.00479446793769172	0.00149191740167121	0.00205023878338423
-1.70905272229468e-05	0.00477829545039159	0.0014550399420643	0.00210320674768225
-1.07744554987188e-06	0.0045742820444594	0.00154305630396574	0.00212356439055694
-3.68843271292281e-05	0.00459167482440108	0.00147483394101917	0.00198951524926987
4.03261811279427e-05	0.00480969811771956	0.00150153554944727	0.00206588079671762
1.93198043163645e-06	0.00463812965159599	0.00153636553278957	0.00210596710780427
-9.33279247289493e-05	0.00471848154009893	0.00138674944477655	0.00206434467009457
-1.08997910460835e-05	0.00475794363168588	0.00158811165883834	0.00208268420496297
-6.73446044309523e-05	0.00469908153847399	0.00147632993160845	0.00208350003976639
2.64801582637864e-07	0.00475864011661025	0.00148662556023972	0.00211749162472403
-4.83280465728352e-05	0.0047330105127062	0.00158043520958378	0.00205678445339824
7.67995598118071e-06	0.00467097191260805	0.00165223371756058	0.00199743322154208
-2.63912222160883e-05	0.00464439266110901	0.00158089253532425	0.00204359006142194
-3.09470566313544e-05	0.00466979501801438	0.00154345411502624	0.00206452177677156
-2.18032867104647e-05	0.004812360977548	0.00145951459024664	0.00195249028862481
-1.77461554934751e-05	0.00453023037785922	0.00145379356205348	0.00205655572033023
-3.57222779283995e-05	0.00470156208033301	0.00137726262209104	0.00207812830364276
-9.61291501755404e-05	0.00464668867833534	0.00148102722529522	0.00208859052530955
-5.41771014752804e-05	0.00472869379162987	0.0015594663594846	0.00206642758416761
-6.47725652842988e-05	0.00464917199996162	0.00154550900904295	0.00215128009175017
-3.22126792723886e-05	0.00461858417567707	0.0014660057893692	0.00206558044483829
-4.69218849722179e-05	0.00457890873378087	0.00143712865699238	0.00204531517363704
3.85306686848891e-05	0.00453570270868094	0.00148842604861197	0.00205526053094039
-1.86626087132608e-05	0.00479281316042619	0.00158697670362105	0.00202868968228578
-6.39777844949422e-05	0.00478101073869794	0.00159829813912673	0.00199203032761907
-3.46437405141547e-05	0.00472365602852872	0.00167052791442145	0.00201835984983813
3.68230048936935e-06	0.00489876326142564	0.00153576973841554	0.00203601823187843
-1.10600091691036e-05	0.00463853518467319	0.00144394420562582	0.00208953851874682
-6.25341891604154e-05	0.00457090927130942	0.00151367394044455	0.00203995058871626
-7.52441827840565e-05	0.00474150454246871	0.00156340363350188	0.00201667957007562
1.50788581787035e-05	0.00477914020154401	0.00158217893068793	0.00210465725587971
-6.17472242239535e-05	0.00471663812872823	0.00152460126897015	0.00211898711178155
8.55262572578908e-06	0.00470878535786575	0.00156034357397365	0.00202209686399603
-5.3850164770803e-05	0.00479939451866577	0.00139059629405893	0.00207806343850151
-2.43130935588476e-05	0.00465434781295627	0.00163559459720498	0.00198810970333831
-6.3167652446452e-06	0.0048086312623921	0.00156354008257114	0.0019533598259286
-3.27209895530535e-05	0.00476802270906152	0.00150648639871813	0.00205889235449217
-4.44592685311806e-05	0.00476472344086302	0.00160980654621556	0.00205411071086877
-3.75567275365403e-05	0.00476237350361968	0.00158252486868631	0.00211954686288765
-6.18059151605129e-05	0.00484076565077842	0.00163249190029153	0.00194882563245781
-2.92872133549687e-05	0.00470214905160145	0.00140132257507599	0.0020491450996992
-6.75202568727352e-05	0.0046871678368599	0.00149423034568516	0.00206269235204356
-4.18986356407242e-05	0.00478381818709892	0.00145974802014788	0.00203493247816802
-6.05612453097904e-05	0.00475337008376515	0.0015054574069188	0.00207547236190442
-6.48354938667989e-05	0.00473826516444895	0.00146731672517981	0.00203965143039018
-3.92343544608728e-05	0.00477109682229829	0.00150083535265359	0.00208147072005387
-2.03804652192733e-05	0.00465753716757264	0.00142393584421574	0.00201129360085081
-7.58906307678514e-05	0.00467908488907567	0.00159265839927681	0.00212372069348933
-3.01558998378887e-05	0.00489337787276836	0.00144187742108796	0.00206454622939484
-5.49974006411275e-05	0.00467608873557685	0.00147248940932843	0.00202954278874938
-3.14378794125623e-05	0.00461250391942768	0.00154493011823891	0.00200313854551354
-1.2499145803456e-05	0.00471300053229532	0.00153090447924069	0.0020071071764197
-6.15813322392259e-05	0.00472009043195189	0.00147917363375759	0.00204225496150596
-4.90218812204494e-05	0.00467971150758893	0.00144913036707581	0.00215545571255344
-3.33723215265115e-05	0.00470385616004161	0.00155413300571237	0.00205419197815451
-2.72367163488593e-05	0.00474105153550059	0.0013634676843307	0.00210696590275508
-2.07517374694611e-05	0.0045187297157263	0.00147870593509365	0.00213826583468398
-6.21458228130577e-05	0.00480571177093817	0.00154242372540452	0.0021012707908959
-8.26473798672388e-05	0.00466750838856216	0.00137724502317806	0.00210259593969235
-7.06058382927537e-05	0.00478405133194083	0.00156797775507448	0.00209584088370989
-6.61707962761237e-05	0.00468106021438519	0.001601273629078	0.00199682386843947
-1.49888069373944e-06	0.00482729518346795	0.00145298705346452	0.00209971271506489
-2.00149782015545e-05	0.00455439888342987	0.00146111252999865	0.00204002503889193
-3.51541653139142e-05	0.00476888469732593	0.00159415491910653	0.0020368147908418
-3.9166430030404e-05	0.00479067908521192	0.00144252435611955	0.00193986772588235
-1.97074967052659e-05	0.00467601264532244	0.00150948189622691	0.0019015643652546
-3.93251597669847e-06	0.00465430243770926	0.00153257092835557	0.00202251231463807
-2.31658889157205e-05	0.00473971170838931	0.00146013148619026	0.00217093709410165
-5.51169640752858e-08	0.00466607161840573	0.00160875891592943	0.00214015356198551
7.9093797177589e-06	0.00483417498091292	0.00160121813714417	0.00199651987070917
-4.3354152546517e-06	0.00482539738170175	0.00160050148445059	0.00208281463989439
-6.71679276169298e-05	0.00468386237826141	0.00162639862468378	0.0021016171914349
-1.50944930055444e-05	0.00472345726924675	0.00147936236610767	0.00193406118138682
-5.02891090943912e-05	0.00477041031453238	0.00155561225533448	0.00209617829265631
-3.19539213603764e-05	0.00470732265351346	0.00151134809750725	0.00206192456257637
-8.91310868959108e-05	0.00466733278524666	0.00149572097403795	0.00212538835723124
-1.4187611660928e-05	0.00473858388339386	0.00147577061017475	0.00215582978881325
-2.60166980633266e-05	0.00462506722714763	0.00158513935701715	0.00218045872765734
-2.84780900032954e-05	0.00458060559645722	0.00146420203041693	0.00204694650564681
2.11504743761108e-05	0.00468594040682183	0.00152359488845156	0.00210037146723195
-3.94098587880206e-05	0.00478775678823308	0.00159069754330105	0.00212531480621507
-3.49535951041628e-05	0.00464154786159039	0.00158652360259673	0.00195702059008901
-5.18148932523589e-05	0.00479142665159404	0.00142530574082624	0.00209033760186183
-4.0373910051011e-05	0.00476465845023186	0.00147759029446108	0.00214593744077261
-7.88882376262529e-05	0.00482342840116648	0.00144151044823657	0.00204063806806661
-1.72997952065163e-05	0.00469519767370633	0.00148442816997239	0.00192331965876278
-5.35396077879498e-05	0.0046051776041035	0.00149088803456663	0.00206327227908713
-5.99335238143028e-06	0.00478262498384655	0.00159116151132541	0.00209947312369162
-5.75517265380779e-05	0.00469684057038371	0.00164776908152096	0.00201673078381374
-6.69565275929984e-06	0.00465321457002674	0.00146255217100044	0.00198212026279573
-6.78665606892057e-05	0.00471903850990093	0.00153189086307469	0.00208424316975877
-7.77111006725658e-05	0.00465551037231064	0.00161472175419485	0.00197783318841378
-8.36317800118405e-05	0.00475402619947563	0.00150827725961307	0.00205337074283869
-6.16694829034046e-05	0.00470003067681514	0.0013960991005394	0.00208918427340297
-3.77496501085693e-05	0.00479861442179153	0.00147071938849772	0.00204448766194709
-1.08477014098548e-05	0.00461723431309715	0.00151675469799707	0.00206459239238646
